0.134117 -0.013893 -0.031283 1.000000
0.085609 0.318109 0.055678 1.000000
0.368106 -0.394997 0.014964 1.000000
-0.343505 -0.131548 0.025469 1.000000
0.418305 0.365946 0.067063 1.000000
0.715925 0.284307 -0.026884 1.000000
0.120601 -0.641815 -0.082822 1.000000
-0.090091 -0.602654 -0.090285 1.000000
-0.476537 0.397850 0.056959 1.000000
0.229069 0.363989 0.064112 1.000000
0.152305 0.149378 0.048125 1.000000
0.419465 0.113316 0.049116 1.000000
-0.294867 0.555960 -0.004104 1.000000
-0.470998 -0.486016 -0.001693 1.000000
0.320248 0.355535 0.062938 1.000000
0.357518 0.464483 -0.013138 1.000000
-0.082911 0.478132 -0.007996 1.000000
0.320492 -0.507473 -0.002544 1.000000
0.711336 -0.594327 -0.000829 1.000000
0.023455 -0.620852 -0.081992 1.000000
-0.240660 0.383187 0.059383 1.000000
-0.235241 -0.483588 0.000728 1.000000
-0.333801 0.055477 0.035876 1.000000
0.120068 -0.624313 -0.079587 1.000000
-0.066364 0.096985 0.041799 1.000000
0.014912 0.145757 0.044954 1.000000
-0.190768 0.066942 0.037751 1.000000
-0.426625 0.486285 -0.002070 1.000000
-0.281695 -0.161655 0.020930 1.000000
-0.405756 -0.187582 0.020166 1.000000
0.688249 0.496430 0.025855 1.000000
0.083752 0.225242 0.050650 1.000000
-0.050947 -0.113790 0.027963 1.000000
-0.176849 -0.406342 0.005810 1.000000
-0.352673 0.043312 0.034766 1.000000
-0.212031 -0.459328 0.000468 1.000000
-0.108035 0.010588 0.034436 1.000000
0.263070 -0.087285 0.026829 1.000000
-0.331690 0.262971 0.047478 1.000000
0.391927 -0.548110 -0.066872 1.000000
0.321879 0.040211 0.043366 1.000000
0.172277 0.138153 0.047662 1.000000
0.000222 0.094788 0.042446 1.000000
-0.175452 0.532576 -0.001993 1.000000
0.528610 0.330944 0.019699 1.000000
-0.230642 0.189149 0.045234 1.000000
0.321162 -0.318626 0.018756 1.000000
-0.294784 -0.456010 0.002135 1.000000
-0.327938 0.274443 0.049336 1.000000
0.068185 0.221076 0.049733 1.000000
-0.375813 0.058345 0.035043 1.000000
0.575897 0.594853 0.011136 1.000000
-0.559943 -0.186892 -0.049234 1.000000
-0.006038 0.648170 0.016141 1.000000
-0.403481 -0.624053 -0.085850 1.000000
0.674553 -0.478246 -0.092670 1.000000
-0.334121 -0.552095 -0.081758 1.000000
-0.594932 -0.110469 -0.054526 1.000000
-0.310587 0.025274 0.032338 1.000000
0.064563 0.026278 0.038047 1.000000
-0.699834 0.609403 0.040652 1.000000
0.683971 0.394942 -0.000523 1.000000
-0.300803 -0.193508 0.019799 1.000000
0.098705 -0.435117 0.008925 1.000000
0.684625 0.600586 0.019149 1.000000
-0.177209 0.613968 -0.005335 1.000000
0.192146 -0.020633 -0.032773 1.000000
-0.266685 -0.068097 -0.028725 1.000000
-0.116356 0.303696 0.053604 1.000000
0.320905 -0.025728 -0.033371 1.000000
-0.250948 0.439955 0.014754 1.000000
-0.202440 0.392458 0.058363 1.000000
0.610292 0.624846 0.040892 1.000000
0.486658 0.252416 0.057993 1.000000
-0.380138 0.050528 0.034789 1.000000
-0.350431 0.216811 0.044734 1.000000
-0.072227 -0.498825 -0.004388 1.000000
0.154983 0.354034 0.061391 1.000000
-0.659270 -0.053537 -0.019144 1.000000
0.184132 0.134508 0.048355 1.000000
0.358892 -0.233473 0.025889 1.000000
0.177986 0.002624 -0.020545 1.000000
-0.644183 -0.139728 -0.060692 1.000000
-0.171867 0.563586 -0.000143 1.000000
-0.154996 0.294819 0.052967 1.000000
-0.429910 0.033704 0.033492 1.000000
0.651243 -0.301112 -0.023850 1.000000
0.295294 0.381126 0.066370 1.000000
0.049627 0.442390 0.017715 1.000000
-0.263544 -0.631580 -0.084163 1.000000
0.603196 0.123844 -0.044489 1.000000
0.239330 0.003888 -0.018577 1.000000
0.299990 -0.047088 -0.029712 1.000000
-0.176479 0.183053 0.045147 1.000000
0.627516 -0.514099 -0.030196 1.000000
0.346647 0.415481 0.062872 1.000000
0.341151 -0.081283 0.018365 1.000000
-0.536410 0.530205 -0.015022 1.000000
-0.034814 -0.129240 0.025645 1.000000
0.532288 0.083446 -0.004621 1.000000
0.106288 0.560691 -0.024593 1.000000
-0.025466 0.631906 -0.004581 1.000000
-0.290192 0.336640 0.053197 1.000000
0.357128 0.181966 0.053634 1.000000
-0.215789 -0.105360 0.026449 1.000000
0.061926 0.482911 -0.006019 1.000000
-0.078483 -0.352868 0.011599 1.000000
-0.246759 -0.133456 0.024622 1.000000
0.402598 0.480417 0.005823 1.000000
0.339754 -0.063325 -0.019228 1.000000
0.080720 0.355478 0.060294 1.000000
-0.305188 -0.043796 -0.040764 1.000000
0.092566 -0.501407 -0.002870 1.000000
-0.265974 -0.165293 0.021850 1.000000
0.012017 -0.066226 -0.022152 1.000000
0.672119 -0.138581 -0.056831 1.000000
0.017516 -0.183648 0.025439 1.000000
-0.519612 0.001630 -0.019084 1.000000
0.722434 -0.117355 -0.007869 1.000000
-0.275909 -0.351721 0.008168 1.000000
0.222759 -0.557621 -0.065384 1.000000
0.163670 0.169140 0.048799 1.000000
-0.017916 0.222500 0.049576 1.000000
0.467033 -0.653610 -0.073808 1.000000
-0.430387 0.004332 -0.025264 1.000000
0.047956 -0.011859 -0.031446 1.000000
-0.283756 -0.355840 0.007704 1.000000
-0.110086 0.142372 0.044140 1.000000
0.435606 0.113826 0.048432 1.000000
0.082975 -0.274070 0.021100 1.000000
-0.438440 0.000313 -0.025737 1.000000
0.713857 -0.648938 -0.074098 1.000000
0.614500 0.130607 -0.003044 1.000000
0.693075 0.530715 0.022887 1.000000
-0.388081 -0.595261 -0.086567 1.000000
-0.234711 0.421157 0.049956 1.000000
-0.463241 -0.060017 -0.035365 1.000000
0.330980 -0.609323 -0.075356 1.000000
-0.104451 0.281123 0.052667 1.000000
-0.467910 0.246551 0.049266 1.000000
0.727073 -0.224902 -0.052129 1.000000
0.417691 0.050372 0.044100 1.000000
-0.205411 -0.334710 0.010679 1.000000
0.551026 -0.132548 -0.052519 1.000000
-0.535469 0.372289 0.033919 1.000000
0.533388 -0.454819 -0.043858 1.000000
-0.452516 0.025541 0.032162 1.000000
0.080140 0.209495 0.050433 1.000000
0.042947 -0.451848 0.007281 1.000000
0.581456 0.100237 -0.027828 1.000000
0.141684 -0.225166 0.024558 1.000000
-0.321672 -0.031894 -0.041731 1.000000
-0.460863 0.140611 0.039862 1.000000
0.442185 0.039130 0.043903 1.000000
-0.260279 0.018798 0.032025 1.000000
-0.262236 0.609466 -0.052739 1.000000
-0.375109 -0.002155 -0.026914 1.000000
-0.230379 -0.639507 -0.083849 1.000000
-0.457308 0.304159 0.051533 1.000000
0.640472 -0.503664 -0.018014 1.000000
0.079827 0.581787 0.001585 1.000000
0.302130 -0.631453 -0.078690 1.000000
-0.661928 -0.562800 -0.101003 1.000000
-0.304241 -0.248783 0.016321 1.000000
0.097124 -0.073052 -0.012265 1.000000
-0.465338 0.391141 0.055982 1.000000
-0.599761 -0.615973 -0.100630 1.000000
-0.528623 -0.416269 -0.008316 1.000000
-0.627409 0.033968 -0.048237 1.000000
-0.234067 0.127602 0.040122 1.000000
0.560100 -0.394686 -0.066738 1.000000
-0.632038 0.427413 -0.027191 1.000000
0.722334 -0.053217 -0.026921 1.000000
0.564022 0.387376 -0.004304 1.000000
0.241354 -0.348233 0.015691 1.000000
0.418938 0.623626 -0.006225 1.000000
-0.007715 0.299240 0.055085 1.000000
0.514840 0.008613 0.004119 1.000000
-0.032269 -0.276051 0.017595 1.000000
-0.249497 -0.247849 0.017905 1.000000
-0.051761 0.370475 0.060677 1.000000
-0.403925 0.339781 0.054678 1.000000
-0.373978 -0.640611 -0.103694 1.000000
-0.143631 -0.023841 -0.041064 1.000000
-0.130945 -0.285659 0.015064 1.000000
0.271534 -0.408636 0.010922 1.000000
-0.014982 -0.347896 0.012066 1.000000
-0.542919 -0.583536 -0.085863 1.000000
-0.144982 0.133972 0.042089 1.000000
0.115379 -0.293612 0.019733 1.000000
-0.681683 -0.589445 -0.047520 1.000000
-0.030912 0.298397 0.055358 1.000000
-0.403835 0.214980 0.044864 1.000000
-0.627476 0.221877 -0.038399 1.000000
-0.147253 0.021446 0.033769 1.000000
-0.164557 -0.422188 0.006527 1.000000
-0.098168 0.135065 0.043206 1.000000
-0.062315 -0.141642 0.025659 1.000000
0.061215 -0.366914 0.011639 1.000000
-0.172684 -0.112330 0.027343 1.000000
0.731308 -0.480401 -0.058348 1.000000
0.118407 0.466887 0.000558 1.000000
0.543449 -0.262662 -0.048107 1.000000
0.305512 0.529871 -0.006385 1.000000
0.457435 -0.528945 -0.056494 1.000000
0.416467 -0.044577 -0.029399 1.000000
-0.109366 0.103701 0.040909 1.000000
0.677868 -0.445756 -0.020695 1.000000
-0.616631 -0.315345 -0.021609 1.000000
0.407994 -0.070471 -0.008700 1.000000
0.031182 -0.000464 -0.024273 1.000000
0.595506 -0.074606 -0.009113 1.000000
-0.562334 -0.633974 -0.072341 1.000000
-0.381345 -0.445232 0.000321 1.000000
0.482883 0.580874 0.005670 1.000000
-0.054095 -0.013896 -0.035805 1.000000
-0.072006 0.197653 0.048022 1.000000
-0.455377 -0.141582 0.023791 1.000000
0.159285 -0.021256 -0.034701 1.000000
-0.134674 -0.633617 -0.079861 1.000000
0.336926 0.594846 0.055828 1.000000
0.641856 -0.398815 -0.040740 1.000000
-0.308973 -0.170045 0.019326 1.000000
-0.128374 0.538745 -0.013909 1.000000
-0.328305 0.614378 0.015158 1.000000
0.000239 0.292061 0.053921 1.000000
-0.525348 -0.032598 -0.042268 1.000000
0.547718 0.172485 -0.018371 1.000000
0.312795 -0.042572 -0.032223 1.000000
0.077299 -0.052220 -0.029735 1.000000
-0.594038 0.040724 -0.028335 1.000000
-0.370744 -0.218413 0.017322 1.000000
0.673813 -0.205207 -0.022496 1.000000
0.214809 0.033804 0.040345 1.000000
0.638718 0.402226 -0.003177 1.000000
0.711986 0.077070 -0.013652 1.000000
0.059388 0.080638 0.042653 1.000000
0.065547 0.584405 0.043160 1.000000
0.293293 -0.469092 0.008921 1.000000
0.045378 -0.661610 -0.090506 1.000000
-0.026723 0.482884 0.018139 1.000000
0.665126 0.615319 0.068574 1.000000
0.274432 0.160246 0.052034 1.000000
0.308076 0.617490 0.036200 1.000000
-0.384690 -0.412718 0.005026 1.000000
-0.116706 -0.449991 0.002805 1.000000
-0.444546 -0.418337 -0.001750 1.000000
-0.064697 -0.465494 0.004219 1.000000
-0.498953 0.287492 0.050720 1.000000
0.027004 0.003224 -0.022882 1.000000
0.716545 0.218288 -0.016123 1.000000
-0.050604 0.487720 0.013480 1.000000
-0.515467 -0.363593 0.000624 1.000000
0.109263 -0.072772 -0.011554 1.000000
0.629784 -0.185598 -0.043018 1.000000
0.034300 -0.546533 -0.066655 1.000000
0.719993 0.059989 -0.023623 1.000000
0.284413 0.218662 0.055902 1.000000
-0.502688 0.291494 0.050499 1.000000
-0.416217 -0.405378 0.004810 1.000000
-0.425448 -0.034369 -0.041297 1.000000
0.254943 0.561529 0.051007 1.000000
-0.179834 -0.474801 0.002352 1.000000
0.641439 0.372152 0.001868 1.000000
-0.455097 0.459684 -0.008643 1.000000
0.100129 -0.146378 0.027036 1.000000
0.065544 0.607199 0.035009 1.000000
-0.032929 0.600429 0.012913 1.000000
0.205065 0.088285 0.046311 1.000000
-0.437016 -0.050976 -0.040350 1.000000
-0.101126 -0.173996 0.023371 1.000000
-0.591710 0.344267 -0.068889 1.000000
0.527139 0.140554 -0.004905 1.000000
0.722855 -0.316549 -0.022909 1.000000
0.108976 0.539589 0.000024 1.000000
0.393431 -0.309416 0.021370 1.000000
0.602982 -0.429508 -0.077280 1.000000
0.642920 -0.571671 -0.086397 1.000000
0.597486 0.175680 -0.005662 1.000000
-0.573469 0.413090 0.021910 1.000000
-0.575270 -0.004943 -0.048454 1.000000
0.733369 -0.607733 -0.035575 1.000000
0.409161 -0.000124 -0.020028 1.000000
0.376310 0.652968 0.015748 1.000000
-0.526682 0.462398 -0.012841 1.000000
0.350875 0.375257 0.066370 1.000000
0.673306 0.230624 -0.043602 1.000000
-0.167705 -0.637906 -0.078540 1.000000
-0.468233 -0.072826 -0.022612 1.000000
-0.507514 -0.479383 -0.007096 1.000000
0.705534 0.155121 -0.012375 1.000000
-0.208903 0.641873 0.000968 1.000000
-0.188314 -0.654990 -0.079754 1.000000
0.256537 0.372656 0.064092 1.000000
0.345606 -0.081049 0.015364 1.000000
-0.216016 -0.447189 0.001865 1.000000
0.354210 -0.045860 -0.031423 1.000000
-0.651613 0.457596 -0.002234 1.000000
-0.244178 -0.375245 0.006760 1.000000
-0.021694 0.218151 0.049352 1.000000
0.236845 -0.011742 -0.028515 1.000000
-0.677191 0.293001 -0.041297 1.000000
0.107392 0.379192 0.063499 1.000000
-0.482699 -0.604795 -0.090495 1.000000
-0.442032 0.122236 0.037701 1.000000
0.451339 0.223654 0.057543 1.000000
-0.201776 -0.570960 -0.075626 1.000000
-0.251848 0.356505 0.057086 1.000000
0.020374 -0.323102 0.015778 1.000000
0.593925 0.598888 0.043183 1.000000
0.592074 0.437591 0.008775 1.000000
0.099932 0.202338 0.049963 1.000000
-0.393377 -0.317503 0.011069 1.000000
-0.512736 0.376397 0.048302 1.000000
0.121675 -0.225496 0.025015 1.000000
0.469700 -0.389611 0.016035 1.000000
-0.286230 0.347712 0.055065 1.000000
-0.619713 0.531892 -0.006865 1.000000
0.577928 -0.060824 -0.047657 1.000000
-0.666123 -0.545552 -0.076776 1.000000
0.187584 -0.450127 0.009248 1.000000
-0.177156 0.588310 -0.011861 1.000000
-0.273341 0.444017 0.023228 1.000000
0.248064 -0.163425 0.029187 1.000000
0.453847 0.382907 0.067524 1.000000
-0.543016 -0.613659 -0.074462 1.000000
-0.086103 -0.575289 -0.080254 1.000000
0.248504 0.472606 -0.001593 1.000000
-0.238496 -0.156902 0.023468 1.000000
-0.180847 0.221246 0.048165 1.000000
0.236538 0.653946 -0.028338 1.000000
0.489249 -0.187085 0.020506 1.000000
-0.196287 0.220953 0.047258 1.000000
-0.684168 -0.120253 -0.059769 1.000000
0.135004 -0.033932 -0.037762 1.000000
0.640779 -0.172663 -0.026057 1.000000
-0.106925 -0.007360 -0.030749 1.000000
-0.218667 -0.195933 0.021360 1.000000
0.663652 -0.426080 -0.028051 1.000000
-0.499657 -0.567859 -0.091479 1.000000
0.569304 0.376074 -0.007259 1.000000
-0.054976 -0.109949 0.029360 1.000000
-0.595205 0.387806 -0.023409 1.000000
0.229666 0.618797 -0.033647 1.000000
0.252682 0.225795 0.055672 1.000000
0.585758 0.225531 -0.009600 1.000000
0.444923 -0.607553 -0.050725 1.000000
0.216753 -0.602534 -0.078797 1.000000
0.007072 -0.255406 0.019910 1.000000
-0.054392 -0.364420 0.011376 1.000000
-0.325647 -0.619731 -0.086174 1.000000
0.612080 -0.560232 -0.071894 1.000000
0.650536 0.120289 -0.009087 1.000000
0.677728 0.396450 -0.005782 1.000000
0.640085 -0.604681 -0.062106 1.000000
0.277963 0.046913 0.042423 1.000000
-0.098728 0.566631 0.040035 1.000000
0.011974 -0.062004 -0.025417 1.000000
-0.617978 -0.018372 -0.046069 1.000000
-0.272171 0.057255 0.034603 1.000000
-0.467996 0.109534 0.039431 1.000000
-0.524521 0.546312 -0.014322 1.000000
0.732242 -0.644419 -0.004511 1.000000
-0.495108 0.298964 0.050947 1.000000
-0.262026 -0.153418 0.023721 1.000000
0.159728 -0.462666 0.007607 1.000000
-0.168995 -0.386036 0.007908 1.000000
0.505453 -0.291358 -0.030769 1.000000
-0.537957 0.524876 -0.021642 1.000000
0.165107 -0.588441 -0.072037 1.000000
-0.512269 -0.492099 -0.012271 1.000000
-0.659377 -0.451171 -0.076353 1.000000
0.630471 -0.608560 -0.098556 1.000000
0.184783 -0.348793 0.017265 1.000000
-0.342348 0.197623 0.045204 1.000000
-0.230663 0.173882 0.043597 1.000000
0.377573 -0.012639 -0.026781 1.000000
0.355514 -0.269618 0.025679 1.000000
0.165798 -0.232702 0.024338 1.000000
-0.132616 -0.174594 0.021524 1.000000
0.270814 0.288232 0.058383 1.000000
-0.388792 -0.537239 -0.065388 1.000000
0.006415 0.176540 0.047725 1.000000
0.423377 -0.128163 0.036227 1.000000
0.075068 -0.083364 0.027216 1.000000
0.286874 -0.014460 -0.030472 1.000000
-0.352559 0.070187 0.038041 1.000000
-0.652530 -0.497051 -0.080854 1.000000
-0.240167 -0.010395 -0.033677 1.000000
0.023929 0.559561 0.001562 1.000000
-0.442088 0.277981 0.050790 1.000000
-0.511882 -0.479674 -0.008983 1.000000
-0.514173 -0.252457 0.012153 1.000000
0.641052 -0.081043 -0.032537 1.000000
-0.675037 -0.558551 -0.080564 1.000000
0.018496 -0.431749 0.009111 1.000000
0.683517 0.344450 0.002699 1.000000
-0.001669 0.391378 0.060361 1.000000
0.493297 -0.629822 -0.023426 1.000000
0.404389 -0.508333 -0.010667 1.000000
-0.255447 -0.435518 0.002819 1.000000
0.467033 -0.653610 -0.073808 1.000000
-0.198375 0.055190 0.035670 1.000000
-0.217490 0.012175 0.031275 1.000000
-0.285803 0.298043 0.053444 1.000000
-0.343312 -0.599709 -0.090465 1.000000
0.203261 -0.288180 0.021630 1.000000
0.090141 0.651611 0.008735 1.000000
0.499650 0.257546 0.053864 1.000000
0.650876 -0.650125 -0.065454 1.000000
-0.599204 0.391811 -0.012224 1.000000
-0.449852 0.541213 -0.013205 1.000000
0.370077 -0.080536 0.015171 1.000000
0.190685 -0.536258 -0.085203 1.000000
-0.071363 0.392094 0.062795 1.000000
-0.476487 -0.094982 0.020933 1.000000
0.493001 0.190033 0.053454 1.000000
-0.090771 -0.536895 -0.075626 1.000000
0.057917 0.150845 0.045847 1.000000
0.522307 -0.553979 -0.059218 1.000000
-0.639461 0.616646 0.031148 1.000000
-0.185039 0.580427 -0.013962 1.000000
-0.036601 0.178984 0.048465 1.000000
0.649359 0.451717 0.021930 1.000000
0.025666 -0.391508 0.011179 1.000000
-0.511002 -0.335411 0.005790 1.000000
0.695813 -0.486943 -0.021285 1.000000
-0.218651 0.442203 0.023174 1.000000
0.196694 0.006582 0.029487 1.000000
0.153769 0.400024 0.064592 1.000000
0.209800 -0.634021 -0.087371 1.000000
-0.600871 0.572150 -0.007379 1.000000
0.716839 -0.328604 -0.062413 1.000000
-0.309790 -0.560596 -0.083592 1.000000
-0.063096 -0.094325 0.028890 1.000000
-0.251118 0.284450 0.050583 1.000000
0.160435 -0.337038 0.017468 1.000000
-0.421956 -0.643552 -0.098359 1.000000
0.605133 -0.646917 -0.113105 1.000000
0.325477 0.474880 0.001295 1.000000
-0.386134 -0.254205 0.013143 1.000000
-0.580702 -0.076777 -0.071627 1.000000
0.278824 0.027585 0.039205 1.000000
-0.432347 -0.357940 0.007141 1.000000
0.284793 -0.182694 0.028076 1.000000
0.146472 -0.063425 -0.020785 1.000000
-0.546277 -0.672778 -0.047580 1.000000
-0.330753 -0.412514 0.003299 1.000000
0.135921 0.338201 0.058636 1.000000
-0.339707 0.300684 0.050279 1.000000
-0.286877 0.447819 0.009385 1.000000
-0.440077 -0.373967 0.005046 1.000000
0.305265 -0.326967 0.017819 1.000000
0.239013 0.299030 0.058153 1.000000
0.479818 -0.042973 -0.032203 1.000000
0.109616 -0.217759 0.024308 1.000000
0.242358 -0.035766 -0.034724 1.000000
-0.199072 0.005662 -0.019841 1.000000
-0.122579 0.207487 0.048319 1.000000
0.677912 -0.011009 -0.009153 1.000000
-0.432397 -0.235230 0.016958 1.000000
0.409261 -0.172389 0.030494 1.000000
-0.134954 -0.277795 0.014831 1.000000
0.396472 -0.610111 -0.061726 1.000000
-0.142927 0.268584 0.050403 1.000000
-0.641822 -0.045567 -0.013222 1.000000
0.679712 -0.501960 -0.082585 1.000000
0.650776 0.322244 -0.009017 1.000000
-0.004814 -0.255632 0.019213 1.000000
-0.136865 -0.442227 0.003252 1.000000
-0.655168 0.382594 -0.028562 1.000000
0.342081 -0.033572 -0.033761 1.000000
0.201813 -0.384912 0.014991 1.000000
0.037295 -0.179322 0.024968 1.000000
0.391630 0.536791 -0.006222 1.000000
0.306963 -0.254405 0.024465 1.000000
0.242408 0.318636 0.059987 1.000000
-0.407480 -0.611101 -0.084446 1.000000
0.368106 -0.394997 0.014964 1.000000
0.369994 0.167143 0.051123 1.000000
0.580809 0.279802 0.001545 1.000000
-0.222229 -0.211780 0.021147 1.000000
-0.235898 0.318535 0.054748 1.000000
0.057137 -0.636088 -0.076759 1.000000
-0.134340 -0.056739 -0.032370 1.000000
-0.068218 0.201594 0.048245 1.000000
-0.612740 -0.609697 -0.089972 1.000000
0.627326 0.232438 0.002632 1.000000
0.427569 -0.228304 0.025028 1.000000
-0.315516 -0.336391 0.007477 1.000000
0.229442 0.213546 0.054305 1.000000
0.418868 -0.333366 0.019593 1.000000
0.618426 0.085084 0.000434 1.000000
0.087583 -0.298111 0.018099 1.000000
-0.052891 0.427853 0.049209 1.000000
-0.143601 -0.019769 -0.039430 1.000000
0.398773 0.573167 -0.004161 1.000000
-0.683444 0.133295 -0.022139 1.000000
0.031212 -0.468155 0.006587 1.000000
-0.478918 -0.651535 -0.077236 1.000000
0.250488 -0.396410 0.014584 1.000000
0.307886 -0.162291 0.031068 1.000000
-0.313255 -0.069584 -0.020041 1.000000
-0.587379 -0.403377 -0.060696 1.000000
-0.457125 0.577355 0.043470 1.000000
0.526936 -0.347669 -0.058888 1.000000
-0.283642 -0.664945 -0.085353 1.000000
0.076722 -0.073539 -0.010204 1.000000
0.288311 -0.420738 0.008645 1.000000
0.578568 -0.065536 -0.036202 1.000000
0.554618 0.587103 -0.012952 1.000000
0.289112 0.331331 0.062732 1.000000
0.671209 -0.644789 -0.037456 1.000000
-0.354197 0.609823 0.023424 1.000000
-0.613460 0.413517 -0.019581 1.000000
0.132336 -0.165620 0.027289 1.000000
0.671332 -0.210526 -0.061793 1.000000
-0.366465 0.379172 0.056889 1.000000
0.056200 0.529234 0.011603 1.000000
-0.696183 0.580557 0.029437 1.000000
0.008109 -0.104683 0.028173 1.000000
-0.255767 0.566877 -0.006699 1.000000
-0.508231 -0.087749 0.017442 1.000000
0.417571 -0.493416 0.003159 1.000000
-0.536590 -0.045123 -0.041301 1.000000
0.283846 -0.043123 -0.033921 1.000000
0.555458 0.333485 0.013123 1.000000
0.015795 0.556153 0.009238 1.000000
-0.000375 -0.283388 0.019466 1.000000
0.251575 0.436054 0.036093 1.000000
-0.180551 -0.104643 0.026883 1.000000
-0.443292 -0.007420 -0.030919 1.000000
-0.052861 -0.228600 0.021294 1.000000
0.118207 0.496600 -0.004341 1.000000
0.093599 0.507128 -0.002517 1.000000
-0.205338 0.319519 0.054912 1.000000
0.409558 0.159953 0.053441 1.000000
0.053112 -0.641461 -0.080258 1.000000
-0.610702 -0.573428 -0.094734 1.000000
0.463765 0.216357 0.056639 1.000000
0.206325 -0.554270 -0.069610 1.000000
0.329046 0.502209 -0.019694 1.000000
0.235605 -0.549644 -0.067889 1.000000
0.085229 0.333165 0.057289 1.000000
-0.307653 0.167743 0.043970 1.000000
-0.557429 -0.657111 -0.099789 1.000000
-0.322946 0.159716 0.043070 1.000000
-0.206382 -0.239245 0.017175 1.000000
-0.220078 -0.093635 0.026199 1.000000
-0.362383 -0.301239 0.012893 1.000000
0.176559 -0.545879 -0.068092 1.000000
-0.030285 0.047384 0.039011 1.000000
-0.093419 -0.634875 -0.083966 1.000000
-0.645717 -0.625807 -0.106593 1.000000
-0.436499 -0.569916 -0.082879 1.000000
-0.004577 -0.041158 -0.039433 1.000000
0.538507 -0.652246 -0.058015 1.000000
-0.428813 -0.231192 0.017168 1.000000
0.199436 0.437507 0.037924 1.000000
0.439564 -0.337248 0.019176 1.000000
0.022568 -0.585029 -0.070617 1.000000
-0.605493 0.580203 -0.007646 1.000000
0.421373 -0.035936 -0.032370 1.000000
0.292833 0.444564 0.028730 1.000000
0.194570 -0.405411 0.011299 1.000000
-0.086219 0.349876 0.060281 1.000000
-0.236342 -0.014190 -0.035085 1.000000
-0.139446 -0.035876 -0.042454 1.000000
0.242561 0.310499 0.059994 1.000000
0.358255 -0.029090 -0.032810 1.000000
0.391236 -0.480267 0.009775 1.000000
0.103127 0.411276 0.059994 1.000000
-0.309584 0.628168 0.011366 1.000000
0.493281 0.572106 -0.001877 1.000000
0.006755 -0.000927 -0.025707 1.000000
0.468397 0.082893 0.048719 1.000000
0.696586 -0.171746 -0.039093 1.000000
-0.102760 0.407785 0.059327 1.000000
0.298439 0.153167 0.051810 1.000000
0.435359 0.023427 0.040235 1.000000
-0.135868 -0.218213 0.018055 1.000000
0.672599 -0.619938 -0.055307 1.000000
0.597590 0.414077 0.005830 1.000000
-0.377093 0.170091 0.041526 1.000000
0.033833 0.459180 0.002115 1.000000
0.690023 0.114740 0.007908 1.000000
-0.271017 -0.599959 -0.074805 1.000000
-0.075401 0.396090 0.062558 1.000000
-0.494168 -0.224489 0.016598 1.000000
0.619409 -0.361272 -0.038783 1.000000
-0.281862 0.425549 0.042296 1.000000
0.282075 0.426052 0.046034 1.000000
0.063973 0.232601 0.051120 1.000000
-0.305188 -0.043796 -0.040764 1.000000
-0.608048 0.497901 -0.020872 1.000000
0.041913 0.166016 0.046545 1.000000
-0.198115 0.035752 0.034049 1.000000
0.015845 -0.662163 -0.082452 1.000000
-0.498396 0.493905 0.023081 1.000000
0.003246 0.337721 0.057376 1.000000
-0.279324 -0.540663 -0.067122 1.000000
-0.619139 -0.557097 -0.095224 1.000000
-0.021101 -0.232019 0.021527 1.000000
-0.457772 0.626177 0.010822 1.000000
0.600538 0.033324 -0.018571 1.000000
-0.457888 0.003508 -0.021985 1.000000
-0.405539 0.502963 -0.012245 1.000000
0.653488 -0.193679 -0.048154 1.000000
-0.498580 -0.331102 0.008151 1.000000
-0.381062 -0.017341 -0.038686 1.000000
0.277296 -0.477543 0.007981 1.000000
-0.444313 -0.369976 0.006434 1.000000
0.720827 -0.634111 -0.080211 1.000000
-0.228995 0.019392 0.033862 1.000000
0.376586 0.541840 0.043463 1.000000
0.037371 -0.183284 0.024972 1.000000
0.559460 -0.095359 -0.027545 1.000000
-0.441121 0.628081 -0.037132 1.000000
0.120875 0.144713 0.047912 1.000000
-0.538467 0.513874 -0.023306 1.000000
-0.151748 -0.617657 -0.082492 1.000000
-0.612653 0.061537 -0.037576 1.000000
-0.159908 -0.503744 -0.004641 1.000000
-0.476160 -0.631943 -0.081962 1.000000
0.192146 -0.020633 -0.032773 1.000000
-0.490490 -0.138377 0.023361 1.000000
0.017516 0.207697 0.050016 1.000000
-0.054796 0.108811 0.044113 1.000000
-0.084258 -0.490298 -0.000196 1.000000
0.524641 0.135019 0.004730 1.000000
-0.467399 -0.287046 0.011626 1.000000
0.218447 0.007259 -0.016540 1.000000
-0.247226 -0.098120 0.024605 1.000000
-0.605540 0.432432 0.020036 1.000000
-0.152198 0.378752 0.058046 1.000000
0.133737 -0.627325 -0.093467 1.000000
-0.483456 0.093970 0.036890 1.000000
0.046792 0.119692 0.043556 1.000000
-0.230076 -0.215872 0.020683 1.000000
-0.179553 0.113569 0.040055 1.000000
-0.129642 0.406054 0.061011 1.000000
-0.190208 -0.066546 -0.025871 1.000000
-0.580442 0.393362 -0.040483 1.000000
-0.274028 0.249405 0.049229 1.000000
0.436326 0.537638 -0.003598 1.000000
-0.555084 -0.214844 -0.032647 1.000000
-0.612406 0.227872 -0.026097 1.000000
0.195521 -0.012726 -0.027678 1.000000
-0.384980 -0.013646 -0.035651 1.000000
0.330079 -0.624810 -0.068889 1.000000
0.465159 -0.483755 0.009218 1.000000
-0.523424 -0.138881 0.014904 1.000000
-0.208246 -0.455389 0.000691 1.000000
-0.134587 0.230264 0.049252 1.000000
-0.618852 -0.314611 -0.067409 1.000000
0.712904 -0.444111 -0.069203 1.000000
-0.707414 0.615732 0.001078 1.000000
-0.628230 0.202318 -0.040083 1.000000
-0.616385 -0.159510 -0.062330 1.000000
-0.655345 0.461598 -0.002454 1.000000
-0.342871 -0.312884 0.010772 1.000000
0.373789 0.399308 0.067724 1.000000
-0.468343 0.144339 0.041055 1.000000
-0.323109 -0.501746 -0.007696 1.000000
0.368963 -0.084827 0.021627 1.000000
0.718849 -0.238881 -0.049224 1.000000
-0.564642 -0.101501 -0.059275 1.000000
-0.026516 -0.372243 0.009752 1.000000
0.444706 0.062493 0.048952 1.000000
0.443179 0.650564 0.009885 1.000000
0.409868 0.377188 0.068204 1.000000
0.700221 0.607048 0.091838 1.000000
0.519652 -0.421285 -0.043025 1.000000
-0.661394 -0.027439 -0.046986 1.000000
0.542482 -0.426150 -0.048210 1.000000
-0.243902 -0.086148 0.023171 1.000000
0.575777 0.585102 0.037221 1.000000
0.319705 -0.090030 0.025259 1.000000
0.241928 -0.023557 -0.033114 1.000000
-0.243641 -0.094082 0.024815 1.000000
-0.362370 -0.572988 -0.080158 1.000000
0.298956 0.141571 0.050209 1.000000
-0.599987 -0.454933 -0.079394 1.000000
0.700775 -0.374094 -0.051952 1.000000
-0.666780 -0.302276 -0.053909 1.000000
0.146709 -0.059146 -0.024033 1.000000
-0.095543 -0.277048 0.017145 1.000000
0.227114 0.481980 0.003679 1.000000
-0.231133 -0.611021 -0.087147 1.000000
-0.479455 0.162861 0.043670 1.000000
0.210357 0.049294 0.041716 1.000000
-0.275355 -0.419607 0.003286 1.000000
0.034720 0.134935 0.044480 1.000000
-0.673793 0.437247 0.020923 1.000000
0.521020 -0.639497 -0.047900 1.000000
0.000495 -0.522526 -0.047427 1.000000
0.549185 -0.563247 -0.062537 1.000000
0.389432 -0.427167 0.012943 1.000000
-0.141543 -0.381851 0.007891 1.000000
-0.105898 -0.664471 -0.086337 1.000000
-0.497939 -0.031874 -0.043922 1.000000
-0.071780 0.408371 0.061144 1.000000
0.079990 0.217432 0.050426 1.000000
-0.503919 0.625316 0.026055 1.000000
0.623945 0.249269 -0.000826 1.000000
0.261019 0.214550 0.054528 1.000000
0.615097 -0.639750 -0.048904 1.000000
0.183665 0.017434 0.036877 1.000000
0.561767 0.426830 0.000468 1.000000
-0.697030 0.239364 -0.054096 1.000000
0.111240 -0.285752 0.019493 1.000000
0.055479 -0.290471 0.019479 1.000000
0.705314 0.445051 0.036630 1.000000
-0.180904 -0.390334 0.007207 1.000000
-0.641072 -0.317763 -0.049141 1.000000
0.709129 0.559801 -0.000193 1.000000
0.307996 -0.507302 -0.001643 1.000000
0.361723 0.174723 0.050640 1.000000
0.442615 -0.195850 0.029180 1.000000
0.038939 0.308671 0.054568 1.000000
-0.199536 0.144339 0.040522 1.000000
0.051221 -0.463910 0.006130 1.000000
-0.433471 0.045243 0.034916 1.000000
0.044451 -0.074103 -0.013729 1.000000
0.146646 0.581814 -0.022219 1.000000
-0.177956 -0.314338 0.012296 1.000000
-0.227361 -0.589775 -0.085286 1.000000
-0.051404 -0.312247 0.014831 1.000000
-0.536003 -0.505398 -0.041397 1.000000
-0.061932 0.066125 0.038788 1.000000
-0.553520 0.327930 -0.019351 1.000000
0.245733 -0.223348 0.025772 1.000000
-0.679319 -0.603981 -0.083112 1.000000
0.199146 -0.280216 0.021394 1.000000
-0.185423 0.281623 0.054438 1.000000
-0.331753 0.615112 -0.006252 1.000000
0.313189 -0.326817 0.018286 1.000000
0.478288 -0.480250 0.006727 1.000000
-0.656949 0.470522 -0.005805 1.000000
-0.460606 -0.517207 -0.043502 1.000000
0.021525 -0.379373 0.010939 1.000000
-0.556912 0.134255 -0.031023 1.000000
-0.353793 -0.440636 0.001938 1.000000
0.605800 0.501002 0.060164 1.000000
0.288151 -0.082490 0.020146 1.000000
0.605307 -0.223775 -0.044465 1.000000
-0.675434 -0.670340 -0.100193 1.000000
-0.271764 0.030083 0.032985 1.000000
0.071810 -0.306348 0.017172 1.000000
0.513776 -0.033882 -0.033471 1.000000
-0.623141 -0.275114 -0.090485 1.000000
-0.471094 -0.235860 0.016318 1.000000
0.627996 -0.341030 -0.004018 1.000000
-0.082671 -0.018412 -0.039116 1.000000
-0.503742 -0.447349 -0.005235 1.000000
0.296628 -0.068864 -0.007079 1.000000
0.410058 -0.313174 0.020710 1.000000
-0.453723 -0.667749 -0.077393 1.000000
0.248864 -0.007440 -0.026177 1.000000
0.072293 -0.501176 -0.000799 1.000000
0.575347 -0.245104 -0.041337 1.000000
0.596653 -0.111292 -0.023736 1.000000
0.293744 -0.210556 0.025332 1.000000
0.466459 -0.292255 0.022397 1.000000
-0.611582 0.273889 -0.034191 1.000000
-0.524318 -0.320297 -0.001510 1.000000
0.123993 -0.149896 0.028437 1.000000
-0.469100 -0.019416 -0.038963 1.000000
0.731021 -0.417296 -0.059979 1.000000
0.666743 -0.644876 -0.037716 1.000000
-0.308787 0.282543 0.050460 1.000000
-0.202497 -0.594194 -0.087094 1.000000
-0.023032 -0.129017 0.026336 1.000000
0.437080 0.062550 0.046875 1.000000
-0.621217 0.559561 0.002842 1.000000
-0.111287 -0.277345 0.016221 1.000000
0.055012 0.100100 0.044033 1.000000
-0.213555 -0.306871 0.011839 1.000000
0.013438 0.219226 0.049779 1.000000
-0.619829 -0.175864 -0.060902 1.000000
-0.640001 -0.067443 -0.044112 1.000000
-0.099132 -0.297067 0.015297 1.000000
0.461314 -0.524393 -0.054633 1.000000
0.224500 -0.473858 0.008144 1.000000
0.713687 -0.511888 -0.067545 1.000000
-0.553427 0.339335 -0.017710 1.000000
0.111384 -0.459308 0.006400 1.000000
-0.446310 -0.542608 -0.070400 1.000000
-0.506116 -0.291545 0.012613 1.000000
0.677261 -0.426434 -0.030512 1.000000
-0.145569 -0.095989 0.025679 1.000000
-0.228912 0.357346 0.055172 1.000000
0.211538 -0.596518 -0.070947 1.000000
0.197395 0.232074 0.054058 1.000000
0.416160 0.203242 0.055472 1.000000
-0.594812 0.553948 -0.000503 1.000000
0.631158 -0.276865 -0.029916 1.000000
-0.025036 -0.041645 -0.039003 1.000000
-0.428629 -0.290381 0.012269 1.000000
-0.528493 0.503483 -0.016200 1.000000
-0.075691 -0.284712 0.016678 1.000000
0.185063 -0.360901 0.017278 1.000000
-0.155073 -0.665401 -0.087744 1.000000
0.562454 0.509522 0.031528 1.000000
-0.044051 -0.276275 0.016902 1.000000
-0.296358 0.519300 0.008848 1.000000
-0.694072 0.027018 -0.035818 1.000000
-0.465989 0.619504 0.007077 1.000000
-0.290059 0.478282 -0.008736 1.000000
0.034327 -0.227100 0.021517 1.000000
-0.220541 -0.394953 0.006510 1.000000
-0.542005 0.434419 -0.013748 1.000000
0.163280 -0.133272 0.030748 1.000000
-0.051054 0.120485 0.044337 1.000000
-0.365568 -0.424776 0.002882 1.000000
-0.275756 0.026038 0.032752 1.000000
0.410755 -0.562006 -0.073925 1.000000
-0.117326 0.111288 0.042072 1.000000
-0.321909 0.480936 -0.008973 1.000000
-0.354056 -0.344648 0.010105 1.000000
0.700785 0.502900 0.160344 1.000000
0.003100 -0.016578 -0.035711 1.000000
0.259085 -0.039521 -0.035375 1.000000
0.661164 0.598071 -0.018114 1.000000
0.260332 -0.445288 0.008625 1.000000
-0.598213 0.445568 -0.018677 1.000000
0.376923 0.629375 0.033719 1.000000
0.006578 0.006706 -0.020822 1.000000
-0.063673 0.170534 0.046875 1.000000
0.183365 -0.441860 0.009001 1.000000
-0.415990 0.530868 -0.003060 1.000000
-0.534055 -0.672578 -0.088221 1.000000
-0.290135 0.482351 -0.008740 1.000000
0.154940 -0.659082 -0.085703 1.000000
0.656335 -0.114184 -0.025127 1.000000
0.081564 0.325765 0.055445 1.000000
-0.356591 0.035502 0.034533 1.000000
-0.390456 -0.109025 0.025979 1.000000
0.647952 0.446398 0.026739 1.000000
0.097708 0.124524 0.046545 1.000000
0.093449 -0.378416 0.011896 1.000000
0.512503 0.156401 0.044800 1.000000
0.174952 0.656473 0.005560 1.000000
0.694756 -0.500853 -0.075179 1.000000
-0.514703 0.428460 0.030257 1.000000
-0.532154 -0.229811 -0.008470 1.000000
-0.319558 -0.078245 -0.010627 1.000000
-0.418731 0.164622 0.043973 1.000000
-0.444339 -0.243347 0.014624 1.000000
0.177513 -0.604082 -0.066422 1.000000
0.026567 -0.562980 -0.085056 1.000000
0.415667 -0.092231 0.030891 1.000000
0.485374 0.423811 0.066123 1.000000
-0.296865 -0.015541 -0.035375 1.000000
-0.381518 -0.644009 -0.099246 1.000000
-0.507807 -0.447426 -0.005472 1.000000
-0.510805 -0.053077 -0.033264 1.000000
0.094700 -0.434991 0.008691 1.000000
0.383636 0.116504 0.047015 1.000000
0.013681 0.203755 0.049789 1.000000
-0.109026 0.080298 0.040922 1.000000
-0.656195 0.584962 0.013843 1.000000
-0.570264 0.268557 -0.041554 1.000000
0.250551 -0.111666 0.032612 1.000000
-0.513083 -0.036436 -0.041547 1.000000
-0.087570 0.414171 0.052067 1.000000
0.071753 0.008550 -0.023520 1.000000
0.144882 0.125624 0.047685 1.000000
0.430623 0.476471 0.009098 1.000000
0.308757 0.079051 0.045871 1.000000
0.644684 0.079458 -0.014335 1.000000
-0.175872 -0.032698 -0.041327 1.000000
-0.536666 -0.041055 -0.041304 1.000000
-0.083508 0.193364 0.047345 1.000000
-0.307243 -0.404131 0.003052 1.000000
-0.109773 0.130977 0.042523 1.000000
-0.002449 -0.379827 0.009532 1.000000
-0.304665 -0.193582 0.019573 1.000000
0.323377 -0.647740 -0.075812 1.000000
0.600561 -0.264716 -0.026814 1.000000
-0.507657 0.624433 0.027469 1.000000
-0.564849 0.482851 -0.008553 1.000000
0.085412 -0.026932 -0.037406 1.000000
0.485307 0.450237 0.020457 1.000000
-0.627126 -0.494136 -0.090782 1.000000
-0.621113 -0.577883 -0.075776 1.000000
0.196621 -0.196233 0.029424 1.000000
-0.517434 0.561115 -0.000853 1.000000
0.259932 -0.619635 -0.082792 1.000000
-0.142607 0.602443 0.034209 1.000000
-0.239913 0.578176 -0.002500 1.000000
-0.442772 -0.643945 -0.097945 1.000000
-0.024692 -0.251988 0.019679 1.000000
0.484487 -0.021917 -0.035188 1.000000
-0.451769 -0.059700 -0.036325 1.000000
0.498623 -0.335857 -0.018134 1.000000
-0.534082 0.567708 -0.018140 1.000000
-0.515457 -0.347712 0.002265 1.000000
0.708088 -0.611085 -0.002660 1.000000
0.583350 -0.344544 -0.034371 1.000000
0.462554 -0.641028 -0.069276 1.000000
-0.546027 0.505180 -0.023753 1.000000
-0.519922 -0.375895 -0.002900 1.000000
0.590503 0.104885 -0.030559 1.000000
-0.523774 -0.045084 -0.037286 1.000000
-0.680126 -0.667022 -0.048974 1.000000
-0.203684 -0.144397 0.023884 1.000000
0.521640 -0.104469 -0.026504 1.000000
-0.625048 -0.002188 -0.007332 1.000000
0.149067 0.113896 0.047925 1.000000
0.603886 -0.360645 -0.031540 1.000000
0.435045 0.512367 -0.011838 1.000000
-0.156507 -0.597392 -0.084393 1.000000
-0.208293 -0.093411 0.026893 1.000000
-0.565199 -0.463850 -0.085507 1.000000
-0.329746 -0.091847 0.021394 1.000000
0.682927 0.328953 -0.016913 1.000000
-0.442835 -0.656974 -0.099586 1.000000
0.301534 0.462212 -0.000113 1.000000
0.635083 0.021966 -0.019811 1.000000
-0.380591 0.112409 0.036410 1.000000
0.606704 -0.379743 -0.052582 1.000000
-0.098711 -0.558428 -0.079361 1.000000
-0.081464 0.061883 0.037641 1.000000
-0.068798 0.243523 0.051483 1.000000
-0.403225 0.046220 0.033432 1.000000
0.038365 0.331465 0.057799 1.000000
0.110997 -0.273643 0.019479 1.000000
-0.289325 -0.039324 -0.041464 1.000000
0.394624 -0.345835 0.019796 1.000000
-0.665983 -0.631473 -0.093103 1.000000
-0.670335 0.574881 -0.040814 1.000000
0.530107 0.249125 0.006717 1.000000
0.156514 -0.568249 -0.074168 1.000000
-0.076648 0.583712 0.000561 1.000000
-0.418064 -0.639404 -0.096495 1.000000
0.520706 0.504637 0.007868 1.000000
0.279651 0.380826 0.065453 1.000000
0.305265 -0.326967 0.017819 1.000000
-0.467389 -0.358401 0.006714 1.000000
-0.455717 -0.011626 -0.033281 1.000000
0.267345 -0.412581 0.012306 1.000000
-0.375813 0.496207 -0.002347 1.000000
0.400150 -0.036440 -0.031987 1.000000
0.008969 0.246217 0.051160 1.000000
-0.689450 0.525286 0.002088 1.000000
0.505933 0.481547 -0.010947 1.000000
-0.682417 -0.128166 -0.066195 1.000000
0.701312 0.297566 0.013517 1.000000
-0.405139 -0.215041 0.018562 1.000000
-0.587472 -0.417440 -0.075386 1.000000
0.601705 -0.598069 -0.049678 1.000000
0.423747 0.335513 0.064112 1.000000
-0.179777 0.408362 0.059700 1.000000
0.016309 -0.082680 -0.017013 1.000000
-0.201810 -0.558341 -0.075622 1.000000
-0.299533 -0.056405 -0.032283 1.000000
-0.277420 0.207404 0.044123 1.000000
0.668734 0.420707 -0.006302 1.000000
-0.316693 -0.020089 -0.036539 1.000000
0.187587 0.445831 0.035600 1.000000
-0.346593 -0.396731 0.004006 1.000000
0.025109 0.516005 -0.011431 1.000000
0.594545 -0.432099 -0.064728 1.000000
-0.082654 -0.102585 0.027740 1.000000
0.653998 -0.043840 -0.021979 1.000000
-0.545827 -0.434957 -0.056634 1.000000
0.067988 -0.314465 0.016945 1.000000
0.716228 0.034578 -0.044405 1.000000
-0.224736 -0.021610 -0.039300 1.000000
0.381885 0.276083 0.060004 1.000000
-0.361470 0.012805 0.027716 1.000000
-0.246082 -0.180663 0.021384 1.000000
-0.650830 0.050822 -0.057761 1.000000
-0.487788 -0.414882 -0.002657 1.000000
-0.411055 0.019198 0.029700 1.000000
0.056243 0.523942 0.013237 1.000000
-0.436826 -0.418190 -0.001296 1.000000
-0.460226 0.090542 0.038254 1.000000
0.415890 -0.088156 0.029277 1.000000
0.221986 -0.235760 0.024375 1.000000
-0.284019 -0.545846 -0.072291 1.000000
0.087703 0.557924 0.011829 1.000000
0.318878 0.385645 0.066126 1.000000
0.038985 -0.564978 -0.074538 1.000000
0.087463 0.410166 0.060704 1.000000
-0.483737 0.299587 0.051613 1.000000
-0.295604 0.098953 0.038131 1.000000
-0.589493 0.036739 -0.028068 1.000000
-0.175698 0.397036 0.059937 1.000000
0.144251 0.311486 0.059120 1.000000
-0.540065 -0.472697 -0.038363 1.000000
0.394528 -0.012216 -0.027414 1.000000
0.349004 -0.017251 -0.028458 1.000000
0.541125 0.313650 -0.007299 1.000000
0.258485 0.625900 0.020243 1.000000
-0.597943 -0.470566 -0.074385 1.000000
0.392200 0.010798 0.036067 1.000000
-0.226798 0.473777 -0.011547 1.000000
-0.012494 -0.480791 0.004019 1.000000
-0.635249 -0.529499 -0.079851 1.000000
0.279314 -0.086875 0.026152 1.000000
-0.663395 -0.136367 -0.047136 1.000000
-0.322516 -0.586694 -0.087611 1.000000
-0.636927 -0.107494 -0.048837 1.000000
-0.164864 -0.406111 0.006514 1.000000
0.636457 0.055680 -0.026244 1.000000
0.400950 0.065735 0.046384 1.000000
-0.504162 0.621645 0.024408 1.000000
0.670692 -0.593510 -0.052152 1.000000
-0.678929 -0.670274 -0.068329 1.000000
0.250538 0.621681 0.019776 1.000000
0.424351 0.085720 0.047765 1.000000
-0.377266 -0.396701 0.005467 1.000000
-0.053798 -0.173103 0.024518 1.000000
0.401634 -0.313334 0.021850 1.000000
-0.122745 -0.047975 -0.038213 1.000000
0.388825 -0.160761 0.030928 1.000000
-0.345139 -0.020529 -0.038209 1.000000
-0.031679 -0.085641 0.025842 1.000000
-0.044714 -0.468982 0.005390 1.000000
0.136321 0.156811 0.048822 1.000000
-0.286940 0.533713 -0.006906 1.000000
0.511492 0.617233 -0.010580 1.000000
0.732285 -0.480380 -0.058291 1.000000
-0.619399 0.080752 -0.033077 1.000000
0.106252 0.263938 0.055242 1.000000
-0.633249 -0.103352 -0.050251 1.000000
0.149757 -0.233006 0.025032 1.000000
-0.668377 0.212773 -0.019601 1.000000
0.700041 0.515765 0.168848 1.000000
-0.663078 0.109657 -0.020952 1.000000
-0.217397 0.023680 0.032915 1.000000
-0.066407 -0.006390 -0.030002 1.000000
0.424147 -0.480257 0.008441 1.000000
0.340994 0.515058 -0.018987 1.000000
0.665600 -0.501613 -0.078520 1.000000
-0.280781 0.164788 0.042283 1.000000
-0.479788 0.581787 0.011149 1.000000
-0.652824 -0.476499 -0.082502 1.000000
0.301013 -0.452865 0.009378 1.000000
-0.238359 -0.512988 -0.030456 1.000000
-0.426645 0.278275 0.051697 1.000000
-0.373482 -0.521258 -0.046543 1.000000
-0.594948 0.006726 -0.008826 1.000000
-0.612570 -0.127236 -0.047413 1.000000
0.139063 0.203082 0.052260 1.000000
-0.339090 0.240231 0.045407 1.000000
-0.340404 -0.078391 -0.016746 1.000000
-0.702669 0.299747 0.022454 1.000000
0.672873 0.006192 -0.019228 1.000000
-0.205681 0.354125 0.056532 1.000000
0.024573 0.544495 -0.011454 1.000000
0.258395 0.311206 0.059293 1.000000
-0.136865 -0.442227 0.003252 1.000000
-0.349875 0.612757 0.025308 1.000000
-0.052131 0.178487 0.049182 1.000000
0.405226 0.288332 0.061378 1.000000
-0.469944 -0.064415 -0.030869 1.000000
0.692228 -0.243403 -0.045893 1.000000
-0.214255 0.089502 0.038011 1.000000
-0.017509 -0.212073 0.023374 1.000000
-0.205832 -0.532147 -0.067699 1.000000
0.401411 0.171608 0.052967 1.000000
-0.209803 0.047034 0.034996 1.000000
-0.644113 0.607178 0.016191 1.000000
-0.359285 0.391524 0.055682 1.000000
-0.131176 -0.529709 -0.058421 1.000000
-0.088217 0.239084 0.051977 1.000000
0.689083 -0.649381 -0.041040 1.000000
-0.047739 -0.296193 0.016681 1.000000
-0.077719 -0.165643 0.023118 1.000000
-0.148620 -0.438175 0.004196 1.000000
0.211664 0.294438 0.056546 1.000000
-0.208983 0.308051 0.054691 1.000000
0.311805 0.012838 0.036243 1.000000
-0.303621 0.114476 0.037664 1.000000
0.410435 0.557120 0.017725 1.000000
-0.112617 0.548409 -0.016243 1.000000
0.056223 -0.015571 -0.032593 1.000000
0.620006 -0.107121 -0.006052 1.000000
-0.596242 0.393075 -0.028362 1.000000
0.154763 -0.109638 0.031885 1.000000
0.128805 0.303456 0.058210 1.000000
0.152789 -0.499652 0.002295 1.000000
0.049887 -0.525660 -0.044529 1.000000
0.065847 0.467931 0.002365 1.000000
-0.267455 0.000293 -0.023856 1.000000
0.350525 0.382984 0.066353 1.000000
-0.686062 0.017584 -0.058208 1.000000
0.128925 -0.637176 -0.082332 1.000000
0.652404 0.558444 0.018879 1.000000
-0.434078 0.213596 0.046348 1.000000
-0.017879 0.645092 0.012183 1.000000
0.620810 -0.194085 -0.040284 1.000000
0.270613 -0.575656 -0.073998 1.000000
0.408984 0.179488 0.053414 1.000000
-0.315323 0.137260 0.038618 1.000000
0.441838 0.160970 0.052074 1.000000
0.445473 0.172848 0.052290 1.000000
0.488892 0.415328 0.067961 1.000000
-0.592317 -0.159030 -0.062546 1.000000
-0.349281 0.024440 0.031698 1.000000
0.640725 0.161023 -0.008023 1.000000
0.196754 -0.028486 -0.035765 1.000000
-0.616551 -0.422269 -0.078724 1.000000
0.001716 0.469555 -0.009557 1.000000
-0.342261 -0.356540 0.007534 1.000000
0.154573 -0.646060 -0.084093 1.000000
-0.273991 0.290940 0.052507 1.000000
-0.050384 0.463285 0.003696 1.000000
-0.527169 0.094134 0.003336 1.000000
-0.698010 0.321770 -0.064027 1.000000
-0.411672 0.199567 0.044397 1.000000
0.604333 -0.111492 -0.008606 1.000000
-0.171887 0.133058 0.042143 1.000000
-0.494605 0.043679 0.034593 1.000000
-0.257054 -0.026496 -0.039567 1.000000
-0.392290 -0.566028 -0.086807 1.000000
-0.255307 0.329567 0.055245 1.000000
0.242161 0.623919 -0.034544 1.000000
-0.484387 0.371645 0.053227 1.000000
-0.092685 -0.457474 0.004213 1.000000
0.230493 -0.104083 0.031438 1.000000
0.130049 -0.241319 0.023871 1.000000
0.628130 0.446428 0.023945 1.000000
-0.540761 0.015056 -0.038263 1.000000
-0.465672 -0.035233 -0.043658 1.000000
0.263187 0.136619 0.049736 1.000000
0.007512 0.583675 -0.001026 1.000000
0.680343 0.250729 -0.017087 1.000000
0.193263 0.579049 0.000087 1.000000
0.204454 0.584965 0.007271 1.000000
-0.012754 -0.041312 -0.039913 1.000000
-0.334681 -0.332579 0.009615 1.000000
0.623418 0.107963 -0.015576 1.000000
0.238953 0.563649 0.023971 1.000000
-0.437223 0.033568 0.033062 1.000000
-0.519125 -0.134880 0.016788 1.000000
-0.089968 0.104275 0.042046 1.000000
0.027490 -0.615886 -0.078494 1.000000
0.405699 -0.313254 0.022087 1.000000
0.273428 0.449079 0.024328 1.000000
0.013021 0.040671 0.039922 1.000000
-0.548025 -0.585456 -0.074749 1.000000
0.423647 0.630242 0.008731 1.000000
0.048226 -0.318910 0.014154 1.000000
-0.566549 -0.555263 -0.067672 1.000000
-0.651807 0.392041 -0.005525 1.000000
-0.115796 0.507228 -0.014809 1.000000
-0.658573 0.184847 -0.038606 1.000000
0.034684 0.010504 -0.011014 1.000000
-0.631981 0.639129 -0.027128 1.000000
0.423647 0.630242 0.008731 1.000000
0.320589 -0.424196 0.010535 1.000000
0.497869 0.076323 0.045554 1.000000
0.165201 -0.208815 0.025946 1.000000
-0.654338 -0.567135 -0.103818 1.000000
0.143234 -0.033775 -0.037279 1.000000
-0.567897 -0.660943 -0.066152 1.000000
-0.191669 -0.482965 0.001655 1.000000
-0.626702 0.469048 -0.020341 1.000000
0.236308 -0.311987 0.018669 1.000000
-0.339544 0.308424 0.051923 1.000000
0.636704 -0.126836 -0.040964 1.000000
0.713864 0.366400 -0.018304 1.000000
0.345733 0.525749 -0.002394 1.000000
0.180764 0.258026 0.057983 1.000000
0.589706 -0.521138 -0.043835 1.000000
-0.261853 0.458867 -0.007086 1.000000
0.139660 0.024137 0.039191 1.000000
-0.571025 0.447689 -0.044809 1.000000
0.586505 0.079771 -0.030799 1.000000
0.649109 0.497744 0.052917 1.000000
0.027901 0.564109 0.000168 1.000000
-0.028521 0.577692 -0.009667 1.000000
0.345646 0.494789 -0.018721 1.000000
0.572269 -0.477916 -0.059525 1.000000
0.130942 -0.106120 0.030487 1.000000
-0.081707 0.617396 -0.012775 1.000000
-0.366309 0.515955 0.030841 1.000000
-0.510161 -0.287753 0.010745 1.000000
-0.273374 -0.192988 0.021410 1.000000
-0.358001 0.257996 0.049196 1.000000
-0.456728 0.186298 0.045010 1.000000
-0.279387 -0.431899 0.003046 1.000000
-0.464401 0.216488 0.047832 1.000000
-0.245462 -0.251794 0.016505 1.000000
-0.159105 0.574020 0.015288 1.000000
0.564075 0.503440 0.026726 1.000000
-0.056226 -0.507279 -0.006715 1.000000
-0.185186 -0.362422 0.008595 1.000000
0.183442 0.021402 0.038501 1.000000
-0.291319 -0.407899 0.003986 1.000000
-0.436923 -0.667445 -0.092720 1.000000
-0.633249 -0.103352 -0.050251 1.000000
-0.136211 -0.194439 0.019676 1.000000
-0.411732 0.377091 0.057493 1.000000
-0.255917 -0.399285 0.006067 1.000000
0.248714 -0.187346 0.027590 1.000000
-0.342915 -0.261325 0.015678 1.000000
0.697720 -0.239232 -0.050465 1.000000
-0.058107 -0.149452 0.024271 1.000000
0.068852 -0.061024 -0.020445 1.000000
0.338960 -0.005730 -0.020888 1.000000
0.021551 -0.383445 0.010939 1.000000
-0.551139 -0.439743 -0.061840 1.000000
0.374889 -0.366160 0.018632 1.000000
-0.541528 -0.569866 -0.079254 1.000000
-0.016459 -0.058373 -0.030346 1.000000
-0.139259 -0.040045 -0.040814 1.000000
-0.093519 0.326933 0.056586 1.000000
-0.190018 -0.310600 0.011589 1.000000
-0.443852 -0.149176 0.024468 1.000000
-0.147439 0.036919 0.035393 1.000000
-0.319391 0.595396 -0.005532 1.000000
-0.118930 0.218955 0.050170 1.000000
-0.546541 -0.672781 -0.047593 1.000000
-0.706184 0.469121 0.027546 1.000000
0.408901 -0.032001 -0.033104 1.000000
0.234304 0.186765 0.051317 1.000000
0.220111 -0.167937 0.029180 1.000000
-0.394544 0.630635 0.016168 1.000000
0.134444 -0.059380 -0.024753 1.000000
-0.642719 -0.216959 -0.060626 1.000000
-0.479828 0.128446 0.040379 1.000000
0.118290 -0.249533 0.023178 1.000000
0.094466 -0.246015 0.020150 1.000000
0.435946 0.656123 0.006200 1.000000
-0.078589 0.131567 0.044354 1.000000
0.199732 -0.164339 0.031245 1.000000
-0.496362 0.002274 -0.019351 1.000000
0.227208 -0.562016 -0.066755 1.000000
0.057003 -0.358851 0.013027 1.000000
-0.631008 0.193718 -0.038616 1.000000
0.007472 -0.028410 -0.040350 1.000000
-0.006745 -0.573595 -0.095167 1.000000
-0.105748 0.361311 0.057506 1.000000
0.156497 -0.341083 0.017238 1.000000
-0.572078 -0.494300 -0.069610 1.000000
0.253536 -0.348003 0.014777 1.000000
-0.447281 -0.670934 -0.084046 1.000000
0.044818 0.216761 0.048362 1.000000
-0.462944 -0.481998 -0.001220 1.000000
-0.027267 0.097929 0.042466 1.000000
0.025333 0.017594 0.037374 1.000000
-0.416791 -0.325886 0.009692 1.000000
0.295041 0.024023 0.038528 1.000000
-0.308463 0.259747 0.048839 1.000000
0.422583 0.436040 0.044497 1.000000
0.090124 0.290913 0.054301 1.000000
-0.681563 -0.454253 -0.093297 1.000000
-0.650506 -0.603891 -0.080768 1.000000
0.639675 0.586703 0.018139 1.000000
-0.219978 0.243506 0.047505 1.000000
-0.463358 -0.220010 0.018409 1.000000
-0.126720 0.474861 -0.004044 1.000000
-0.515447 -0.331729 0.003899 1.000000
-0.590453 -0.458414 -0.073941 1.000000
-0.421326 -0.545406 -0.085240 1.000000
-0.206328 0.399714 0.059770 1.000000
0.630377 -0.646383 -0.043115 1.000000
-0.395431 0.031097 0.030621 1.000000
-0.046905 -0.647420 -0.069820 1.000000
-0.618225 -0.399279 -0.057611 1.000000
-0.013517 -0.662724 -0.088238 1.000000
-0.552220 -0.349784 -0.058618 1.000000
-0.215516 -0.495634 -0.001380 1.000000
0.146923 0.043615 0.042886 1.000000
0.043471 -0.286729 0.018776 1.000000
-0.050931 0.325292 0.054191 1.000000
-0.575110 0.168527 -0.023923 1.000000
0.198645 -0.066853 -0.009570 1.000000
0.103354 -0.289871 0.019026 1.000000
0.061132 0.439769 0.028177 1.000000
0.676658 0.492118 0.002339 1.000000
-0.193773 -0.070835 -0.022816 1.000000
-0.639538 -0.075577 -0.042458 1.000000
0.024216 -0.057502 -0.029589 1.000000
0.057524 -0.198821 0.024522 1.000000
0.018563 0.626234 0.004526 1.000000
-0.053405 0.629351 0.008461 1.000000
0.139243 0.039704 0.040805 1.000000
0.222512 0.007336 -0.016300 1.000000
0.307119 0.133988 0.049052 1.000000
-0.012817 -0.032968 -0.041544 1.000000
-0.308363 -0.052300 -0.036062 1.000000
0.711206 0.378068 0.023164 1.000000
0.384713 0.314820 0.061815 1.000000
-0.358558 0.581237 0.016631 1.000000
0.090151 0.492812 -0.007619 1.000000
0.277917 0.180058 0.052244 1.000000
0.278067 0.307911 0.060447 1.000000
0.568664 0.492105 0.000891 1.000000
0.202030 -0.244077 0.024832 1.000000
0.088094 0.030693 0.039428 1.000000
-0.192239 -0.120563 0.026192 1.000000
-0.012390 0.570272 0.001065 1.000000
0.265838 -0.060654 -0.021935 1.000000
0.112338 0.640250 0.036133 1.000000
0.026470 -0.431599 0.009578 1.000000
0.483463 0.560935 0.005700 1.000000
-0.677701 -0.656128 -0.093787 1.000000
0.685335 -0.543321 -0.012131 1.000000
0.346907 -0.233699 0.025185 1.000000
0.586438 -0.563137 -0.044038 1.000000
-0.054129 0.290216 0.053991 1.000000
-0.131409 -0.249836 0.018309 1.000000
0.560000 -0.232462 -0.034077 1.000000
-0.351395 0.311866 0.051230 1.000000
-0.247823 0.555222 -0.006235 1.000000
0.616775 -0.603931 -0.096098 1.000000
0.013408 0.484035 -0.002340 1.000000
0.370787 -0.041372 -0.030449 1.000000
0.325204 -0.038064 -0.033124 1.000000
0.437080 0.062550 0.046875 1.000000
-0.688119 -0.165199 -0.075059 1.000000
0.162266 0.610237 0.019486 1.000000
-0.290849 -0.091007 0.022047 1.000000
-0.271264 0.526683 -0.007619 1.000000
-0.421166 -0.156522 0.022531 1.000000
0.006888 -0.452328 0.006794 1.000000
-0.508371 -0.605298 -0.111575 1.000000
0.379074 0.477115 0.001178 1.000000
-0.452516 -0.636789 -0.087097 1.000000
0.291786 -0.022307 -0.033450 1.000000
0.217760 0.567708 0.001525 1.000000
0.720267 -0.455139 -0.031260 1.000000
0.328349 0.443184 0.011242 1.000000
0.279844 -0.030680 -0.035781 1.000000
-0.292339 0.179838 0.043240 1.000000
0.316834 0.196269 0.054535 1.000000
-0.617038 -0.488851 -0.083663 1.000000
-0.483276 0.204522 0.046721 1.000000
0.429386 0.576618 0.022101 1.000000
0.542469 -0.237434 -0.046526 1.000000
-0.295534 0.095288 0.038134 1.000000
-0.130982 -0.008121 -0.028898 1.000000
0.435042 0.419596 0.059907 1.000000
-0.415663 -0.006893 -0.029299 1.000000
0.240807 0.658914 -0.029722 1.000000
0.147333 0.483714 -0.009156 1.000000
0.044835 -0.642028 -0.082375 1.000000
-0.125563 -0.111386 0.026849 1.000000
0.061369 -0.374954 0.011646 1.000000
-0.275562 0.401659 0.057339 1.000000
-0.364121 0.058365 0.037360 1.000000
0.203637 0.142819 0.049506 1.000000
-0.620700 -0.167730 -0.062583 1.000000
0.700648 -0.171669 -0.038853 1.000000
0.385257 0.057495 0.045461 1.000000
-0.381812 -0.542404 -0.071507 1.000000
0.357755 -0.050066 -0.027955 1.000000
0.032613 -0.143727 0.026336 1.000000
0.501624 -0.617057 -0.040877 1.000000
-0.509931 -0.587187 -0.083929 1.000000
0.386571 -0.016338 -0.029515 1.000000
-0.529413 -0.032675 -0.042504 1.000000
-0.351395 -0.574212 -0.086040 1.000000
0.024436 -0.082527 -0.016536 1.000000
0.393777 -0.431359 0.013197 1.000000
-0.519102 -0.244764 0.010235 1.000000
0.052008 -0.590178 -0.075416 1.000000
0.124246 0.623782 0.040092 1.000000
0.318895 -0.246241 0.023538 1.000000
0.314096 0.293531 0.059293 1.000000
-0.460480 0.174823 0.043156 1.000000
0.627783 0.166469 -0.018567 1.000000
0.556852 0.508595 0.023041 1.000000
0.541849 0.548636 0.043376 1.000000
0.583950 0.408115 -0.003127 1.000000
-0.445026 0.087168 0.037514 1.000000
-0.040753 -0.468909 0.005623 1.000000
0.022458 -0.431676 0.009345 1.000000
-0.354290 -0.066090 -0.027341 1.000000
-0.360393 0.054567 0.037577 1.000000
-0.654851 -0.459021 -0.074455 1.000000
-0.697030 0.239364 -0.054096 1.000000
0.188991 0.595253 -0.000156 1.000000
0.654962 -0.417896 -0.028558 1.000000
0.423140 -0.057219 -0.020855 1.000000
0.581346 -0.508880 -0.044322 1.000000
0.029521 -0.187402 0.024512 1.000000
-0.504049 0.330551 0.047168 1.000000
-0.661537 0.341342 -0.038736 1.000000
-0.261029 0.119152 0.040165 1.000000
-0.394087 -0.669477 -0.085313 1.000000
0.331954 0.359830 0.063625 1.000000
0.403035 -0.100561 0.033412 1.000000
-0.680823 -0.654003 -0.041284 1.000000
-0.085109 0.439438 0.022857 1.000000
-0.451299 -0.338145 0.010922 1.000000
0.320895 -0.440273 0.010549 1.000000
0.018600 0.603447 0.020833 1.000000
0.188027 0.604607 0.006314 1.000000
-0.051024 -0.662570 -0.079851 1.000000
-0.661231 -0.128160 -0.051902 1.000000
-0.192319 -0.426583 0.004896 1.000000
-0.395641 0.108050 0.037154 1.000000
-0.437083 -0.426133 -0.001316 1.000000
0.162786 0.603730 0.016248 1.000000
0.435796 0.563703 0.014320 1.000000
0.169639 0.006436 -0.019404 1.000000
0.089424 0.147781 0.046064 1.000000
0.088114 0.370685 0.062365 1.000000
-0.680079 0.315334 -0.047983 1.000000
-0.148933 0.573377 -0.011844 1.000000
-0.636053 0.613451 0.029714 1.000000
0.368790 -0.415342 0.013370 1.000000
0.386164 0.384068 0.066813 1.000000
-0.287267 -0.060243 -0.031563 1.000000
0.437720 -0.551105 -0.060919 1.000000
0.687079 0.378729 0.014334 1.000000
-0.340190 -0.162782 0.020760 1.000000
0.021688 0.384084 0.061731 1.000000
-0.138052 0.203528 0.047408 1.000000
-0.057827 -0.038097 -0.042558 1.000000
-0.061092 -0.441200 0.004436 1.000000
0.288094 0.564963 -0.004138 1.000000
0.341198 -0.314275 0.019933 1.000000
0.288144 -0.584486 -0.076233 1.000000
-0.001909 0.203258 0.048876 1.000000
-0.530610 0.436297 0.027696 1.000000
0.018703 0.342493 0.058283 1.000000
-0.081957 -0.538349 -0.062060 1.000000
-0.341874 0.013279 0.027236 1.000000
-0.282248 0.324985 0.053661 1.000000
-0.365331 0.155044 0.040582 1.000000
-0.117613 0.376558 0.058446 1.000000
-0.235251 0.235076 0.049869 1.000000
-0.179257 0.438878 0.027116 1.000000
-0.314129 0.615048 0.006200 1.000000
0.341608 0.006032 -0.014205 1.000000
0.625942 0.419093 0.007497 1.000000
0.713577 -0.142213 -0.018511 1.000000
-0.192302 0.198023 0.045854 1.000000
-0.669638 0.320043 -0.004961 1.000000
-0.172377 -0.139861 0.024091 1.000000
-0.696950 0.470585 0.001631 1.000000
0.283893 0.246134 0.055879 1.000000
-0.263463 0.374610 0.058043 1.000000
-0.001976 0.407248 0.058717 1.000000
-0.665876 -0.398368 -0.079981 1.000000
0.512306 -0.354035 -0.036912 1.000000
-0.562834 -0.251227 -0.034741 1.000000
-0.301063 -0.668169 -0.091729 1.000000
-0.137252 -0.127363 0.026159 1.000000
0.104417 -0.158203 0.025652 1.000000
0.355340 0.119635 0.048619 1.000000
-0.270053 0.593032 -0.053203 1.000000
-0.523424 -0.138881 0.014904 1.000000
0.703936 0.464569 0.039818 1.000000
-0.073904 0.648093 0.000738 1.000000
0.635403 -0.005123 -0.044265 1.000000
-0.300723 -0.015717 -0.035601 1.000000
0.012897 0.242625 0.051390 1.000000
0.583664 0.205946 -0.016253 1.000000
0.541318 -0.492556 -0.069503 1.000000
0.289101 0.070740 0.044717 1.000000
-0.469007 0.010157 0.026296 1.000000
-0.104374 0.277051 0.052670 1.000000
0.700998 0.057075 -0.063233 1.000000
-0.663525 0.533936 0.023188 1.000000
-0.205892 0.027868 0.033592 1.000000
0.043574 -0.480341 0.004046 1.000000
0.536800 0.539982 0.034919 1.000000
0.566550 -0.149132 -0.033670 1.000000
0.583910 -0.350147 -0.049017 1.000000
0.152538 -0.341260 0.017005 1.000000
-0.071056 0.490574 -0.007296 1.000000
0.427045 0.007553 -0.007559 1.000000
-0.420819 -0.136981 0.024188 1.000000
-0.457749 -0.077147 -0.012215 1.000000
-0.198328 0.432819 0.030888 1.000000
-0.136728 0.371715 0.057323 1.000000
-0.192466 -0.418647 0.004890 1.000000
-0.633565 0.215040 -0.043652 1.000000
-0.102126 -0.609390 -0.082835 1.000000
0.420973 -0.083890 0.024682 1.000000
-0.593845 0.595093 0.004459 1.000000
0.605837 0.272542 0.001381 1.000000
0.441035 -0.048281 -0.026327 1.000000
0.080193 0.378268 0.061901 1.000000
0.121525 -0.217559 0.025008 1.000000
-0.377814 -0.636205 -0.102291 1.000000
-0.265104 -0.244174 0.018619 1.000000
-0.690954 -0.047334 -0.064888 1.000000
0.566570 -0.203146 -0.030419 1.000000
-0.526519 0.149535 0.022961 1.000000
0.338953 -0.117829 0.032905 1.000000
0.410658 0.489117 0.004669 1.000000
0.255937 -0.155305 0.029654 1.000000
0.688780 -0.221354 -0.015099 1.000000
0.330556 0.418026 0.065189 1.000000
-0.320745 -0.142800 0.023538 1.000000
-0.053768 -0.408689 0.008141 1.000000
0.245893 0.610583 -0.001707 1.000000
0.057307 0.646119 0.026382 1.000000
0.668081 0.257796 -0.053689 1.000000
-0.660964 -0.656651 -0.128702 1.000000
-0.619116 -0.543011 -0.044655 1.000000
-0.560890 -0.174757 -0.050918 1.000000
-0.212298 -0.406808 0.005360 1.000000
-0.686065 0.232558 -0.058148 1.000000
-0.405609 0.506628 -0.012248 1.000000
0.387024 -0.232989 0.025905 1.000000
0.201193 0.382190 0.064112 1.000000
0.431691 0.105809 0.048202 1.000000
-0.644263 -0.151920 -0.062330 1.000000
-0.307003 0.056391 0.034189 1.000000
-0.664172 0.083973 -0.035702 1.000000
0.688526 -0.230905 -0.049371 1.000000
0.723788 -0.364697 -0.044075 1.000000
-0.575347 -0.000874 -0.048457 1.000000
-0.625825 -0.053204 -0.012285 1.000000
0.490740 -0.435841 0.002575 1.000000
-0.665836 0.217501 -0.022713 1.000000
-0.311584 0.607352 -0.003441 1.000000
-0.324417 -0.158557 0.021687 1.000000
-0.432271 -0.361912 0.007144 1.000000
0.310011 -0.347135 0.016461 1.000000
-0.164557 -0.422188 0.006527 1.000000
-0.179010 -0.230838 0.017152 1.000000
-0.270383 -0.114334 0.024872 1.000000
-0.090548 0.380329 0.061665 1.000000
0.081080 -0.186439 0.025909 1.000000
0.703576 0.104605 -0.004348 1.000000
-0.134564 0.464126 -0.009400 1.000000
0.084195 0.201838 0.050666 1.000000
0.531264 0.511360 0.013383 1.000000
0.584757 0.572607 -0.014452 1.000000
0.014972 0.594820 0.012463 1.000000
0.216143 0.267243 0.056802 1.000000
0.613930 -0.206868 -0.043955 1.000000
0.197271 -0.364740 0.016365 1.000000
0.488876 0.177744 0.054838 1.000000
-0.590983 0.278365 -0.018300 1.000000
-0.556695 -0.629766 -0.037756 1.000000
0.231486 -0.429142 0.010195 1.000000
-0.133113 -0.131228 0.026399 1.000000
-0.024949 -0.045817 -0.037366 1.000000
-0.348004 0.380336 0.054711 1.000000
0.135354 0.035762 0.040575 1.000000
0.537484 -0.429909 -0.045242 1.000000
-0.057200 -0.544405 -0.073655 1.000000
-0.422283 -0.660236 -0.080441 1.000000
-0.698540 0.129176 0.021017 1.000000
-0.362243 -0.325056 0.011262 1.000000
0.484717 0.177461 0.056229 1.000000
-0.468073 0.325946 0.054171 1.000000
-0.030111 -0.168698 0.024278 1.000000
-0.005417 -0.662564 -0.080318 1.000000
-0.652804 0.436000 0.004213 1.000000
0.183662 -0.152721 0.030304 1.000000
-0.506530 -0.177721 0.017515 1.000000
-0.016546 0.356079 0.059477 1.000000
0.326591 -0.650118 -0.070737 1.000000
-0.659727 -0.654967 -0.087851 1.000000
-0.231189 0.223751 0.046841 1.000000
0.357875 0.033057 0.043847 1.000000
-0.513276 -0.061471 -0.030149 1.000000
-0.626449 0.572850 -0.051292 1.000000
0.335572 0.508042 -0.011151 1.000000
-0.235978 -0.085998 0.023634 1.000000
0.222659 0.037923 0.040805 1.000000
0.183445 0.312633 0.059787 1.000000
0.227808 -0.155842 0.029634 1.000000
-0.288351 0.525536 -0.018407 1.000000
-0.326945 -0.497545 -0.006289 1.000000
0.091058 -0.091000 0.028150 1.000000
-0.039879 -0.591105 -0.079177 1.000000
0.073357 0.158876 0.048389 1.000000
0.137732 -0.072132 -0.011511 1.000000
-0.585208 0.471072 0.001668 1.000000
-0.501994 -0.240365 0.016134 1.000000
-0.155009 -0.637259 -0.076163 1.000000
-0.331003 -0.540230 -0.083202 1.000000
0.661604 0.010454 -0.023153 1.000000
0.199759 -0.541384 -0.089565 1.000000
0.216476 0.406504 0.063385 1.000000
-0.082771 0.661345 -0.020982 1.000000
-0.219341 0.193437 0.045898 1.000000
-0.617268 0.117251 -0.011734 1.000000
0.502318 0.397663 0.063849 1.000000
0.076835 -0.550018 -0.085367 1.000000
0.079990 0.217432 0.050426 1.000000
0.033690 0.487259 -0.009303 1.000000
0.465629 -0.171325 0.032172 1.000000
-0.362020 -0.036833 -0.044099 1.000000
-0.530127 0.075946 -0.009894 1.000000
-0.374655 -0.226376 0.017088 1.000000
-0.542626 -0.174437 -0.028642 1.000000
-0.162970 0.313807 0.054135 1.000000
0.711766 0.422021 -0.000586 1.000000
-0.322176 -0.436168 0.003796 1.000000
-0.445453 0.071888 0.035853 1.000000
-0.362383 -0.301239 0.012893 1.000000
0.168109 -0.328751 0.019556 1.000000
-0.175422 -0.045103 -0.038042 1.000000
-0.068111 -0.507096 -0.005778 1.000000
0.593171 -0.351784 -0.025637 1.000000
0.184599 0.262171 0.058210 1.000000
0.109853 -0.559358 -0.070380 1.000000
0.209230 -0.040668 -0.035038 1.000000
-0.434211 0.018658 0.028340 1.000000
-0.236859 0.026978 0.033402 1.000000
0.110850 0.070214 0.042406 1.000000
0.658867 0.276390 -0.006922 1.000000
-0.238869 0.227269 0.048025 1.000000
0.358489 -0.041505 -0.032800 1.000000
0.082898 0.255355 0.055502 1.000000
0.182131 -0.071388 -0.007276 1.000000
-0.106538 -0.578934 -0.076563 1.000000
0.603809 -0.123238 -0.044525 1.000000
0.548992 -0.237051 -0.039616 1.000000
-0.002643 -0.371890 0.011152 1.000000
0.091192 -0.103005 0.029784 1.000000
-0.654194 0.294695 0.004093 1.000000
0.053045 0.014453 0.035736 1.000000
-0.101022 0.065182 0.039758 1.000000
-0.471688 0.231414 0.049039 1.000000
0.260819 -0.465637 0.008648 1.000000
0.523787 -0.191407 -0.028035 1.000000
0.576197 -0.099214 -0.026561 1.000000
-0.322819 -0.065292 -0.028759 1.000000
-0.278070 -0.110562 0.026052 1.000000
-0.221945 0.574834 -0.022653 1.000000
0.322820 0.581541 0.046841 1.000000
0.672953 0.002020 -0.019224 1.000000
0.151791 0.168914 0.049733 1.000000
-0.076605 -0.225029 0.019900 1.000000
0.433771 0.152677 0.053231 1.000000
-0.580389 0.346581 0.008438 1.000000
-0.200683 0.559364 -0.011621 1.000000
-0.701222 0.572270 -0.027948 1.000000
-0.576981 -0.395653 -0.066608 1.000000
-0.241784 -0.220040 0.019996 1.000000
-0.460380 -0.386470 0.000591 1.000000
-0.699348 0.496196 0.006394 1.000000
0.126844 0.594496 0.015768 1.000000
0.650896 0.357686 0.012206 1.000000
0.075988 -0.492349 0.002685 1.000000
-0.686265 -0.263055 -0.074985 1.000000
0.513816 0.434096 0.036803 1.000000
0.455468 -0.095495 0.034856 1.000000
-0.622657 0.526954 -0.003774 1.000000
0.463024 -0.501306 0.002562 1.000000
-0.058567 0.321080 0.055372 1.000000
-0.683290 -0.452852 -0.064294 1.000000
-0.064183 0.197803 0.048482 1.000000
-0.069058 -0.205087 0.020350 1.000000
-0.372548 -0.480691 0.000828 1.000000
0.062206 0.135456 0.044464 1.000000
-0.488299 0.363832 0.052997 1.000000
0.075151 0.077273 0.043577 1.000000
0.450892 0.247261 0.057523 1.000000
0.010083 0.192084 0.047945 1.000000
-0.632201 0.202445 -0.041948 1.000000
-0.005851 -0.412057 0.009321 1.000000
0.275679 -0.030757 -0.036028 1.000000
0.589446 0.250436 -0.011004 1.000000
-0.221469 -0.291038 0.013010 1.000000
-0.457051 -0.649908 -0.089001 1.000000
0.164460 0.130067 0.048836 1.000000
0.126907 -0.102279 0.030251 1.000000
0.103117 0.229270 0.053418 1.000000
0.143611 -0.305190 0.019756 1.000000
-0.345993 0.147674 0.040082 1.000000
-0.022705 0.272082 0.052567 1.000000
-0.030001 0.445358 0.011413 1.000000
0.175692 -0.020943 -0.033741 1.000000
0.320188 -0.050979 -0.026898 1.000000
0.064583 0.382046 0.060988 1.000000
-0.045638 0.031517 0.036473 1.000000
0.571605 0.606988 0.010886 1.000000
0.210701 0.041564 0.040105 1.000000
-0.090621 -0.010822 -0.034684 1.000000
-0.411852 0.362028 0.057483 1.000000
0.570478 0.144820 -0.021935 1.000000
0.437853 0.156825 0.051837 1.000000
-0.467713 0.040321 0.036170 1.000000
0.103130 -0.447253 0.005920 1.000000
0.173257 -0.500079 0.000234 1.000000
-0.357878 -0.040828 -0.043858 1.000000
0.228435 -0.320077 0.018205 1.000000
0.124770 -0.617721 -0.089095 1.000000
0.059521 -0.475965 0.004983 1.000000
-0.073360 0.281306 0.054491 1.000000
-0.663005 0.326652 -0.043718 1.000000
-0.192743 0.563586 -0.012785 1.000000
0.394107 0.372409 0.067277 1.000000
-0.338183 -0.444415 0.001225 1.000000
-0.573799 -0.191244 -0.054943 1.000000
-0.553404 0.128429 -0.019401 1.000000
0.211801 0.135239 0.048352 1.000000
0.129295 0.283924 0.056599 1.000000
0.015935 -0.040668 -0.039857 1.000000
-0.236045 0.326266 0.054745 1.000000
-0.221662 -0.275214 0.014637 1.000000
-0.299916 0.171962 0.042793 1.000000
-0.350722 0.281343 0.049629 1.000000
0.453173 -0.019042 -0.027234 1.000000
-0.524401 0.572783 -0.011047 1.000000
-0.207436 0.159459 0.041692 1.000000
0.352973 0.181686 0.055021 1.000000
0.060195 -0.011626 -0.030729 1.000000
0.354243 0.271085 0.060014 1.000000
-0.683661 0.074045 -0.027061 1.000000
-0.353760 0.177864 0.044527 1.000000
0.119277 -0.289570 0.019963 1.000000
-0.448758 -0.410476 -0.001997 1.000000
0.159905 0.595523 0.006290 1.000000
-0.575423 0.003094 -0.048460 1.000000
0.354794 -0.101525 0.032208 1.000000
0.480395 -0.077491 0.000441 1.000000
-0.408487 0.547296 -0.004251 1.000000
0.470474 -0.047625 -0.027861 1.000000
-0.330439 -0.548367 -0.083172 1.000000
-0.354607 0.528748 -0.033714 1.000000
0.535993 -0.343634 -0.061616 1.000000
-0.159111 -0.246391 0.016681 1.000000
0.342035 0.282660 0.059300 1.000000
-0.081504 -0.169671 0.022894 1.000000
0.268386 -0.441270 0.009098 1.000000
-0.179553 0.113569 0.040055 1.000000
-0.406933 0.065288 0.034849 1.000000
0.451776 0.019868 0.039568 1.000000
0.562094 0.597841 0.002172 1.000000
0.191122 -0.280370 0.020920 1.000000
-0.662311 0.566491 -0.028928 1.000000
-0.269990 0.234416 0.047832 1.000000
0.214809 0.033804 0.040345 1.000000
-0.586361 0.596477 0.029364 1.000000
0.567910 -0.223495 -0.018931 1.000000
-0.611729 0.192057 -0.026067 1.000000
-0.615051 -0.192054 -0.060626 1.000000
-0.150794 0.276170 0.049946 1.000000
0.030332 -0.423586 0.009808 1.000000
-0.022178 -0.648191 -0.089572 1.000000
0.409644 0.388993 0.068194 1.000000
0.690394 -0.547910 -0.013465 1.000000
-0.322373 0.025154 0.031648 1.000000
-0.042627 0.492358 0.023731 1.000000
-0.586802 0.484475 -0.003317 1.000000
-0.221469 -0.291038 0.013010 1.000000
0.345673 0.006109 -0.013965 1.000000
-0.063239 0.147331 0.045257 1.000000
0.127477 -0.126009 0.028647 1.000000
0.175809 0.603563 0.007227 1.000000
-0.361560 -0.372683 0.008028 1.000000
0.707501 -0.606612 -0.001060 1.000000
0.119777 -0.309613 0.018356 1.000000
-0.427962 0.507835 -0.007036 1.000000
-0.044995 -0.058913 -0.030392 1.000000
-0.626632 0.193601 -0.036729 1.000000
0.598920 -0.450937 -0.049798 1.000000
-0.516347 -0.040668 -0.040110 1.000000
-0.444546 -0.418337 -0.001750 1.000000
-0.016792 0.595827 -0.013865 1.000000
0.041270 0.506138 -0.005588 1.000000
0.284066 -0.038948 -0.035538 1.000000
-0.407506 0.297776 0.052824 1.000000
-0.276312 -0.011282 -0.032537 1.000000
0.111974 0.023510 0.039198 1.000000
0.322056 0.001994 -0.020248 1.000000
0.358739 -0.225432 0.025882 1.000000
-0.686128 0.297716 -0.043455 1.000000
0.636994 -0.581968 -0.093273 1.000000
0.591971 -0.211406 -0.043615 1.000000
0.450139 -0.031217 -0.030683 1.000000
-0.003693 -0.108875 0.029107 1.000000
-0.589409 0.518620 -0.011614 1.000000
-0.531981 -0.057252 -0.039400 1.000000
-0.408837 0.400765 0.056042 1.000000
-0.668791 0.381126 -0.011417 1.000000
0.008079 0.288546 0.054381 1.000000
0.708188 0.007366 -0.023680 1.000000
0.722608 -0.070111 -0.026117 1.000000
0.691311 -0.163519 -0.049187 1.000000
0.227151 0.302875 0.057459 1.000000
-0.505423 -0.028149 -0.042725 1.000000
0.337953 0.278511 0.060691 1.000000
-0.136395 0.087514 0.039318 1.000000
0.462624 0.473807 -0.003704 1.000000
0.198539 -0.567656 -0.073335 1.000000
0.463815 -0.340759 0.020596 1.000000
0.543166 -0.303163 -0.030192 1.000000
-0.171066 0.487049 -0.009903 1.000000
-0.320615 -0.016294 -0.033510 1.000000
-0.277873 -0.153718 0.022791 1.000000
-0.083405 0.404890 0.058830 1.000000
0.275402 -0.047558 -0.032787 1.000000
-0.272831 -0.018955 -0.037229 1.000000
-0.319014 -0.540617 -0.085763 1.000000
0.184452 -0.041239 -0.034861 1.000000
0.411542 -0.074676 -0.005228 1.000000
0.109780 -0.225719 0.024318 1.000000
-0.234437 -0.200178 0.020433 1.000000
0.045145 -0.363046 0.012329 1.000000
0.630441 -0.164582 -0.033184 1.000000
-0.410691 0.114893 0.041169 1.000000
-0.093876 0.346061 0.058200 1.000000
-0.550986 -0.537476 -0.081435 1.000000
-0.064973 0.606328 0.004513 1.000000
-0.576044 0.467961 -0.035311 1.000000
-0.558969 -0.580571 -0.070497 1.000000
0.610445 -0.058086 -0.004968 1.000000
-0.345469 0.628708 0.007631 1.000000
0.707855 -0.134066 -0.013952 1.000000
0.312945 -0.579127 -0.073144 1.000000
0.283436 0.129469 0.049292 1.000000
-0.415767 0.007469 -0.011357 1.000000
0.544490 -0.319937 -0.033380 1.000000
0.732962 -0.541611 -0.050018 1.000000
-0.066034 0.073782 0.040182 1.000000
-0.702546 0.610950 0.002979 1.000000
-0.382689 -0.155755 0.019896 1.000000
0.604823 -0.651035 -0.112708 1.000000
0.552900 -0.491722 -0.065561 1.000000
-0.572302 -0.395360 -0.063070 1.000000
0.635576 0.014839 -0.032830 1.000000
-0.451592 -0.110336 0.025655 1.000000
-0.159818 -0.016208 -0.038749 1.000000
0.298152 -0.359474 0.015764 1.000000
-0.384673 0.249752 0.047628 1.000000
0.535206 0.623803 0.007124 1.000000
0.345526 0.302269 0.059513 1.000000
-0.625225 -0.143367 -0.062843 1.000000
0.654388 0.361414 0.014044 1.000000
0.426108 -0.312870 0.021654 1.000000
-0.584831 -0.122591 -0.049047 1.000000
-0.195441 -0.049755 -0.035955 1.000000
0.105481 0.298940 0.056839 1.000000
-0.403908 0.218849 0.044860 1.000000
0.551240 -0.249840 -0.046016 1.000000
-0.274819 -0.094722 0.024615 1.000000
-0.486664 0.173719 0.044884 1.000000
-0.220468 -0.021630 -0.039050 1.000000
0.713557 0.174342 0.048996 1.000000
-0.023375 -0.327901 0.014841 1.000000
-0.577974 0.301011 -0.011004 1.000000
0.222596 0.182673 0.050630 1.000000
0.084949 0.569712 0.052447 1.000000
-0.190525 0.059209 0.036133 1.000000
-0.417251 -0.148622 0.022764 1.000000
0.471615 -0.038954 -0.032683 1.000000
-0.445863 0.300711 0.052204 1.000000
0.723378 -0.149086 -0.013699 1.000000
0.144545 0.303756 0.057499 1.000000
-0.691861 0.031297 -0.074849 1.000000
0.578815 -0.394099 -0.031386 1.000000
0.555418 -0.622179 -0.080128 1.000000
0.704850 -0.353151 -0.051708 1.000000
0.140977 -0.189340 0.024528 1.000000
-0.149193 0.418302 0.056602 1.000000
-0.211531 -0.491486 -0.001143 1.000000
0.385270 -0.075527 0.001381 1.000000
0.064520 -0.069751 -0.010917 1.000000
0.162716 0.651358 0.008104 1.000000
-0.183065 -0.053694 -0.033601 1.000000
-0.284813 0.603400 0.017705 1.000000
-0.211010 0.493622 -0.008987 1.000000
-0.158864 0.436424 0.034839 1.000000
0.632118 0.220516 0.001278 1.000000
-0.021471 -0.212150 0.023141 1.000000
0.579679 -0.063091 -0.000253 1.000000
0.183315 0.465673 -0.000526 1.000000
0.304702 -0.034279 -0.035955 1.000000
0.598467 -0.156852 -0.039953 1.000000
-0.086193 -0.047078 -0.039330 1.000000
0.336165 0.216381 0.055675 1.000000
-0.374612 -0.190937 0.018732 1.000000
0.352086 0.009834 0.035343 1.000000
0.340304 0.009711 0.034653 1.000000
0.366679 0.143466 0.049289 1.000000
-0.332014 0.285764 0.049099 1.000000
0.282522 0.156528 0.050880 1.000000
-0.580776 -0.540270 -0.073395 1.000000
-0.185359 0.592229 -0.012341 1.000000
-0.651940 0.106203 -0.021929 1.000000
0.018246 -0.577176 -0.072501 1.000000
0.697887 -0.383112 -0.055390 1.000000
0.284089 -0.034772 -0.035535 1.000000
0.055573 0.589474 0.000164 1.000000
0.404058 0.536647 0.028760 1.000000
0.455614 -0.336945 0.020116 1.000000
-0.577608 -0.166950 -0.053526 1.000000
-0.464682 0.318682 0.054368 1.000000
0.115152 -0.114410 0.031188 1.000000
0.058191 0.320847 0.055698 1.000000
-0.627893 -0.070581 -0.054820 1.000000
-0.264557 -0.295723 0.012113 1.000000
-0.490583 0.166109 0.044650 1.000000
-0.013774 -0.412207 0.008858 1.000000
-0.334725 0.186364 0.044017 1.000000
-0.682727 0.187868 -0.017187 1.000000
0.684885 -0.226853 -0.051212 1.000000
0.055056 -0.455896 0.006357 1.000000
-0.140100 -0.486673 -0.000213 1.000000
0.693822 -0.504531 -0.071971 1.000000
-0.677198 0.400915 -0.013542 1.000000
-0.204184 0.235866 0.048429 1.000000
0.458506 -0.043579 -0.030192 1.000000
0.686519 -0.014917 -0.008646 1.000000
-0.305495 -0.027516 -0.040780 1.000000
-0.416687 -0.282214 0.014604 1.000000
-0.636117 -0.521578 -0.081535 1.000000
-0.209043 0.627211 -0.002304 1.000000
0.052401 0.564160 -0.008183 1.000000
0.639545 -0.073372 -0.016313 1.000000
0.195030 0.320593 0.060467 1.000000
0.361863 0.037202 0.044083 1.000000
0.702809 -0.071075 -0.038700 1.000000
0.464308 0.094824 0.048482 1.000000
-0.186480 0.043812 0.034736 1.000000
0.568267 -0.428095 -0.035281 1.000000
-0.374402 0.390424 0.056426 1.000000
-0.436529 -0.302339 0.011799 1.000000
0.711566 -0.606536 -0.000820 1.000000
-0.400397 0.313790 0.051617 1.000000
-0.086293 0.011775 -0.013218 1.000000
-0.396335 0.226729 0.045307 1.000000
0.394364 0.459497 0.006964 1.000000
0.508321 0.136169 0.046184 1.000000
-0.053328 0.625280 0.008465 1.000000
-0.408403 -0.578754 -0.086127 1.000000
0.143685 -0.309159 0.019759 1.000000
0.153199 0.592942 -0.007152 1.000000
-0.680906 0.629668 -0.010427 1.000000
0.227431 -0.135950 0.029617 1.000000
-0.475333 -0.346645 0.006250 1.000000
0.220468 -0.016124 -0.029475 1.000000
0.611329 0.411890 0.001745 1.000000
-0.623924 0.539549 -0.007109 1.000000
0.430157 0.378385 0.066133 1.000000
-0.173081 0.202458 0.046985 1.000000
0.217824 -0.548144 -0.060779 1.000000
-0.094233 -0.051403 -0.038173 1.000000
-0.219214 0.001310 -0.022659 1.000000
-0.303514 -0.364156 0.006544 1.000000
0.320835 0.506531 -0.020175 1.000000
-0.010139 0.020788 0.035293 1.000000
-0.226374 0.112682 0.038938 1.000000
-0.583957 0.415338 0.026189 1.000000
-0.600374 0.577902 0.044850 1.000000
-0.365998 0.534660 -0.008283 1.000000
-0.035684 0.341056 0.055092 1.000000
0.097781 0.120659 0.046548 1.000000
0.133837 0.257135 0.055228 1.000000
-0.078112 -0.372810 0.009982 1.000000
0.142434 -0.257116 0.022961 1.000000
-0.380745 0.520540 -0.002630 1.000000
-0.502325 0.272365 0.050516 1.000000
-0.553063 -0.142193 -0.048820 1.000000
-0.369290 -0.049389 -0.041267 1.000000
0.319995 0.621381 0.036900 1.000000
-0.165090 -0.394106 0.006504 1.000000
-0.380768 0.599178 0.062638 1.000000
0.287968 0.418029 0.059427 1.000000
-0.021881 0.010034 -0.020858 1.000000
-0.438720 -0.547150 -0.073215 1.000000
-0.296505 -0.640354 -0.086100 1.000000
0.642223 0.526943 0.070468 1.000000
0.620126 -0.433457 -0.076276 1.000000
0.567690 -0.047945 -0.058041 1.000000
-0.659093 -0.213437 -0.074635 1.000000
-0.176005 0.600969 0.006150 1.000000
-0.370227 -0.653149 -0.087167 1.000000
-0.603342 0.601853 0.025105 1.000000
-0.239236 -0.606696 -0.085990 1.000000
0.627700 -0.000994 -0.046346 1.000000
-0.345186 0.603447 -0.016830 1.000000
-0.348281 0.545998 0.005807 1.000000
0.648092 0.087668 -0.012505 1.000000
0.540838 0.007860 -0.028605 1.000000
0.398776 0.472606 0.003966 1.000000
-0.623451 0.096555 -0.031676 1.000000
-0.369276 0.230907 0.048525 1.000000
0.383513 0.515468 -0.003444 1.000000
-0.152478 -0.438249 0.003969 1.000000
0.171180 0.636044 0.006964 1.000000
0.455571 0.648370 0.025292 1.000000
0.218737 -0.116265 0.032375 1.000000
0.200309 0.584075 0.008658 1.000000
-0.440488 -0.286636 0.011573 1.000000
0.721357 -0.175461 -0.036008 1.000000
-0.167505 0.547789 0.000111 1.000000
0.731929 -0.611985 -0.009683 1.000000
0.681160 0.610260 -0.015306 1.000000
-0.279897 -0.355766 0.007931 1.000000
0.634006 -0.239298 -0.028105 1.000000
0.020574 0.250506 0.051840 1.000000
0.138099 -0.245184 0.024345 1.000000
-0.100999 0.308061 0.052877 1.000000
0.575077 0.095031 -0.021682 1.000000
-0.337533 0.059275 0.035656 1.000000
-0.633305 -0.509923 -0.084626 1.000000
0.225450 -0.048805 -0.030826 1.000000
0.044655 0.220426 0.049983 1.000000
-0.327331 -0.312690 0.010052 1.000000
0.059971 0.053573 0.041045 1.000000
-0.528850 -0.404264 -0.008326 1.000000
-0.045111 0.221170 0.051237 1.000000
-0.067648 0.525653 -0.005452 1.000000
-0.568864 0.425746 -0.039793 1.000000
-0.689310 0.098366 -0.029015 1.000000
0.426682 0.254334 0.057736 1.000000
-0.220608 -0.358714 0.009778 1.000000
-0.252856 0.073095 0.037371 1.000000
-0.262670 0.480019 -0.010390 1.000000
-0.152228 0.386082 0.059680 1.000000
0.685865 -0.451311 -0.030016 1.000000
-0.084258 -0.490298 -0.000196 1.000000
-0.519322 -0.049172 -0.035395 1.000000
0.376887 -0.084674 0.022094 1.000000
0.400423 -0.280983 0.025048 1.000000
0.180394 0.277561 0.057966 1.000000
0.183695 -0.016721 -0.031636 1.000000
-0.641572 -0.630209 -0.106349 1.000000
0.299266 -0.014224 -0.029746 1.000000
-0.514957 -0.319810 0.005563 1.000000
-0.372138 0.511750 -0.000493 1.000000
-0.175802 -0.650275 -0.079017 1.000000
0.625942 0.419093 0.007497 1.000000
0.191485 -0.144620 0.030764 1.000000
0.108176 -0.646530 -0.085183 1.000000
0.413506 -0.410627 0.014360 1.000000
0.243628 0.525850 -0.003494 1.000000
-0.426621 0.293345 0.053331 1.000000
0.709395 0.496710 0.015678 1.000000
-0.365225 -0.049312 -0.041027 1.000000
0.037658 0.491001 -0.009070 1.000000
0.576964 0.429971 0.004626 1.000000
-0.147923 -0.604962 -0.082262 1.000000
-0.405682 -0.037864 -0.043398 1.000000
-0.161786 -0.070074 -0.022569 1.000000
-0.060992 -0.569923 -0.075516 1.000000
-0.593455 -0.042032 -0.046266 1.000000
-0.184075 -0.028780 -0.041807 1.000000
0.071513 -0.294239 0.018786 1.000000
0.280835 0.078321 0.045864 1.000000
-0.294867 0.555960 -0.004104 1.000000
-0.296421 0.191367 0.043003 1.000000
-0.331793 -0.209836 0.017975 1.000000
0.056083 -0.578093 -0.078433 1.000000
0.428052 0.643758 0.005733 1.000000
-0.654561 -0.049579 -0.017233 1.000000
-0.337579 -0.513255 -0.049328 1.000000
